20   1e-05
20.3518   1e-05
20.7035   1e-05
21.0553   1e-05
21.407   1e-05
21.7588   1e-05
22.1105   1e-05
22.4623   1e-05
22.8141   1e-05
23.1658   1e-05
23.5176   1e-05
23.8694   1e-05
24.2211   1e-05
24.5729   1e-05
24.9246   1e-05
25.2764   1e-05
25.6281   1e-05
25.9799   1e-05
26.3317   1e-05
26.6834   1e-05
27.0352   1e-05
27.3869   1e-05
27.7387   1e-05
28.0905   1e-05
28.4422   1e-05
28.794   1e-05
29.1457   1e-05
29.4975   1e-05
29.8493   1e-05
30.201   1e-05
30.5528   1e-05
30.9045   1e-05
31.2563   2e-05
31.608   2e-05
31.9598   2e-05
32.3116   2e-05
32.6633   2e-05
33.0151   2e-05
33.3668   2e-05
33.7186   2e-05
34.0703   2e-05
34.4221   3e-05
34.7739   3e-05
35.1256   3e-05
35.4774   4e-05
35.8291   4e-05
36.1809   5e-05
36.5327   5e-05
36.8844   6e-05
37.2362   7e-05
37.5879   8e-05
37.9397   0.0001
38.2915   0.00013
38.6432   0.00017
38.995   0.0002
39.3467   0.00021
39.6985   0.00019
40.0502   0.00018
40.402   0.00017
40.7538   0.00016
41.1055   0.00017
41.4573   0.00019
41.809   0.00023
42.1608   0.00027
42.5126   0.00031
42.8643   0.00031
43.2161   0.00029
43.5678   0.00028
43.9196   0.0003
44.2714   0.00033
44.6231   0.00038
44.9749   0.00046
45.3266   0.00058
45.6784   0.00072
46.0301   0.00086
46.3819   0.00091
46.7337   0.00082
47.0854   0.00066
47.4372   0.00052
47.7889   0.00042
48.1407   0.00036
48.4925   0.00032
48.8442   0.00029
49.196   0.00027
49.5477   0.00025
49.8995   0.00025
50.2513   0.00027
50.603   0.00028
50.9548   0.0003
51.3065   0.00033
51.6583   0.00035
52.01   0.00036
52.3618   0.00034
52.7136   0.00029
53.0653   0.00023
53.4171   0.00017
53.7688   0.00013
54.1206   0.00011
54.4724   9e-05
54.8241   8e-05
55.1759   7e-05
55.5276   7e-05
55.8794   7e-05
56.2312   7e-05
56.5829   7e-05
56.9347   7e-05
57.2864   6e-05
57.6382   5e-05
57.99   4e-05
58.3417   4e-05
58.6935   4e-05
59.0452   3e-05
59.397   3e-05
59.7487   3e-05
60.1005   3e-05
60.4523   3e-05
60.804   3e-05
61.1558   4e-05
61.5075   4e-05
61.8593   5e-05
62.2111   5e-05
62.5628   5e-05
62.9146   5e-05
63.2663   5e-05
63.6181   5e-05
63.9699   5e-05
64.3216   5e-05
64.6734   5e-05
65.0251   6e-05
65.3769   7e-05
65.7286   8e-05
66.0804   9e-05
66.4322   8e-05
66.7839   7e-05
67.1357   7e-05
67.4874   7e-05
67.8392   7e-05
68.191   8e-05
68.5427   8e-05
68.8945   9e-05
69.2462   0.0001
69.598   0.0001
69.9497   0.00011
70.3015   0.00012
70.6533   0.00012
71.005   0.00012
71.3568   0.00013
71.7085   0.00014
72.0603   0.00015
72.4121   0.00016
72.7638   0.00017
73.1156   0.00017
73.4673   0.00018
73.8191   0.00018
74.1709   0.00019
74.5226   0.0002
74.8744   0.00021
75.2261   0.00022
75.5779   0.00022
75.9296   0.00022
76.2814   0.00022
76.6332   0.00022
76.9849   0.00022
77.3367   0.00022
77.6884   0.00022
78.0402   0.00023
78.392   0.00024
78.7437   0.00026
79.0955   0.00029
79.4472   0.00031
79.799   0.00033
80.1508   0.00034
80.5025   0.00035
80.8543   0.00035
81.206   0.00036
81.5578   0.00036
81.9095   0.00035
82.2613   0.00033
82.6131   0.00032
82.9648   0.00032
83.3166   0.00033
83.6683   0.00032
84.0201   0.0003
84.3719   0.00029
84.7236   0.00029
85.0754   0.00028
85.4271   0.00028
85.7789   0.00029
86.1307   0.00029
86.4824   0.00029
86.8342   0.00029
87.1859   0.00029
87.5377   0.00027
87.8894   0.00025
88.2412   0.00022
88.593   0.00021
88.9447   0.00019
89.2965   0.00018
89.6482   0.00017
90   0.00017
