20   0.00201
20.3518   0.00218
20.7035   0.00237
21.0553   0.00259
21.407   0.00284
21.7588   0.00314
22.1105   0.00348
22.4623   0.00388
22.8141   0.00436
23.1658   0.00493
23.5176   0.00562
23.8694   0.00648
24.2211   0.00755
24.5729   0.00891
24.9246   0.01068
25.2764   0.01302
25.6281   0.01622
25.9799   0.0207
26.3317   0.02718
26.6834   0.03679
27.0352   0.0512
27.3869   0.07176
27.7387   0.09554
28.0905   0.10903
28.4422   0.09991
28.794   0.07853
29.1457   0.05978
29.4975   0.04798
29.8493   0.04255
30.201   0.04258
30.5528   0.04768
30.9045   0.05628
31.2563   0.06215
31.608   0.05747
31.9598   0.04513
32.3116   0.03309
32.6633   0.02426
33.0151   0.01825
33.3668   0.01415
33.7186   0.01129
34.0703   0.00923
34.4221   0.0077
34.7739   0.00654
35.1256   0.00563
35.4774   0.0049
35.8291   0.00432
36.1809   0.00384
36.5327   0.00344
36.8844   0.0031
37.2362   0.00282
37.5879   0.00257
37.9397   0.00236
38.2915   0.00217
38.6432   0.00201
38.995   0.00187
39.3467   0.00175
39.6985   0.00164
40.0502   0.00154
40.402   0.00145
40.7538   0.00137
41.1055   0.0013
41.4573   0.00124
41.809   0.00118
42.1608   0.00113
42.5126   0.00109
42.8643   0.00105
43.2161   0.00102
43.5678   0.00099
43.9196   0.00097
44.2714   0.00096
44.6231   0.00095
44.9749   0.00095
45.3266   0.00097
45.6784   0.00101
46.0301   0.00106
46.3819   0.00113
46.7337   0.00116
47.0854   0.00114
47.4372   0.00109
47.7889   0.00107
48.1407   0.00108
48.4925   0.00113
48.8442   0.00122
49.196   0.00138
49.5477   0.00162
49.8995   0.00192
50.2513   0.00215
50.603   0.00219
50.9548   0.0021
51.3065   0.00208
51.6583   0.00215
52.01   0.00225
52.3618   0.00235
52.7136   0.00252
53.0653   0.00276
53.4171   0.00292
53.7688   0.00292
54.1206   0.00295
54.4724   0.00318
54.8241   0.00369
55.1759   0.00437
55.5276   0.00492
55.8794   0.00521
56.2312   0.00551
56.5829   0.00597
56.9347   0.0062
57.2864   0.00575
57.6382   0.00497
57.99   0.00441
58.3417   0.00426
58.6935   0.00443
59.0452   0.00467
59.397   0.00473
59.7487   0.00466
60.1005   0.00468
60.4523   0.00482
60.804   0.00509
61.1558   0.00546
61.5075   0.00584
61.8593   0.00622
62.2111   0.00659
62.5628   0.00707
62.9146   0.00776
63.2663   0.00865
63.6181   0.00954
63.9699   0.01022
64.3216   0.01073
64.6734   0.01106
65.0251   0.01104
65.3769   0.01066
65.7286   0.00976
66.0804   0.00864
66.4322   0.0079
66.7839   0.00774
67.1357   0.00788
67.4874   0.00787
67.8392   0.00776
68.191   0.00797
68.5427   0.00866
68.8945   0.00956
69.2462   0.01016
69.598   0.01016
69.9497   0.00988
70.3015   0.00971
70.6533   0.00973
71.005   0.00938
71.3568   0.00816
71.7085   0.00661
72.0603   0.00545
72.4121   0.00483
72.7638   0.0047
73.1156   0.00484
73.4673   0.00483
73.8191   0.00439
74.1709   0.00381
74.5226   0.00341
74.8744   0.00315
75.2261   0.00283
75.5779   0.00239
75.9296   0.00194
76.2814   0.00157
76.6332   0.00131
76.9849   0.00112
77.3367   0.00098
77.6884   0.00088
78.0402   0.0008
78.392   0.00074
78.7437   0.00068
79.0955   0.00063
79.4472   0.00058
79.799   0.00054
80.1508   0.00051
80.5025   0.00049
80.8543   0.00047
81.206   0.00046
81.5578   0.00046
81.9095   0.00045
82.2613   0.00044
82.6131   0.00043
82.9648   0.00043
83.3166   0.00042
83.6683   0.00041
84.0201   0.0004
84.3719   0.00039
84.7236   0.00038
85.0754   0.00037
85.4271   0.00036
85.7789   0.00035
86.1307   0.00034
86.4824   0.00034
86.8342   0.00035
87.1859   0.00036
87.5377   0.00038
87.8894   0.0004
88.2412   0.00043
88.593   0.00046
88.9447   0.00048
89.2965   0.0005
89.6482   0.00052
90   0.00053
