20   0.00037
20.3518   0.00038
20.7035   0.00039
21.0553   0.00041
21.407   0.00042
21.7588   0.00043
22.1105   0.00045
22.4623   0.00047
22.8141   0.00048
23.1658   0.0005
23.5176   0.00052
23.8694   0.00054
24.2211   0.00057
24.5729   0.00059
24.9246   0.00062
25.2764   0.00064
25.6281   0.00067
25.9799   0.00071
26.3317   0.00074
26.6834   0.00078
27.0352   0.00082
27.3869   0.00086
27.7387   0.00091
28.0905   0.00097
28.4422   0.00102
28.794   0.00109
29.1457   0.00116
29.4975   0.00124
29.8493   0.00133
30.201   0.00143
30.5528   0.00155
30.9045   0.00168
31.2563   0.00183
31.608   0.002
31.9598   0.00221
32.3116   0.00245
32.6633   0.00273
33.0151   0.00307
33.3668   0.00349
33.7186   0.00401
34.0703   0.00466
34.4221   0.00549
34.7739   0.00659
35.1256   0.00807
35.4774   0.01012
35.8291   0.01305
36.1809   0.01736
36.5327   0.02383
36.8844   0.03334
37.2362   0.04553
37.5879   0.05541
37.9397   0.05458
38.2915   0.04423
38.6432   0.03298
38.995   0.0248
39.3467   0.0197
39.6985   0.01687
40.0502   0.01573
40.402   0.01608
40.7538   0.01802
41.1055   0.02192
41.4573   0.02808
41.809   0.03514
42.1608   0.03825
42.5126   0.03396
42.8643   0.02626
43.2161   0.01968
43.5678   0.01519
43.9196   0.01235
44.2714   0.01049
44.6231   0.00923
44.9749   0.00846
45.3266   0.00815
45.6784   0.00822
46.0301   0.00861
46.3819   0.00936
46.7337   0.01071
47.0854   0.01303
47.4372   0.01677
47.7889   0.02212
48.1407   0.02777
48.4925   0.02969
48.8442   0.02594
49.196   0.02015
49.5477   0.01551
49.8995   0.01254
50.2513   0.01079
50.603   0.00961
50.9548   0.00858
51.3065   0.00774
51.6583   0.00724
52.01   0.00707
52.3618   0.00709
52.7136   0.00724
53.0653   0.00759
53.4171   0.00821
53.7688   0.00919
54.1206   0.01063
54.4724   0.01269
54.8241   0.01566
55.1759   0.02
55.5276   0.02636
55.8794   0.03532
56.2312   0.04654
56.5829   0.05874
56.9347   0.0725
57.2864   0.08607
57.6382   0.08844
57.99   0.07433
58.3417   0.05489
58.6935   0.03914
59.0452   0.02831
59.397   0.02112
59.7487   0.01628
60.1005   0.01294
60.4523   0.0106
60.804   0.00893
61.1558   0.00774
61.5075   0.0069
61.8593   0.00628
62.2111   0.00579
62.5628   0.00536
62.9146   0.00499
63.2663   0.00475
63.6181   0.00458
63.9699   0.00429
64.3216   0.00386
64.6734   0.00345
65.0251   0.00316
65.3769   0.00302
65.7286   0.00297
66.0804   0.00294
66.4322   0.0029
66.7839   0.00284
67.1357   0.0028
67.4874   0.00281
67.8392   0.00289
68.191   0.00296
68.5427   0.00293
68.8945   0.00289
69.2462   0.00293
69.598   0.00308
69.9497   0.00332
70.3015   0.00362
70.6533   0.00385
71.005   0.00397
71.3568   0.00405
71.7085   0.00404
72.0603   0.00397
72.4121   0.00385
72.7638   0.00368
73.1156   0.00357
73.4673   0.0036
73.8191   0.00378
74.1709   0.00403
74.5226   0.00428
74.8744   0.00453
75.2261   0.00484
75.5779   0.00521
75.9296   0.00557
76.2814   0.00573
76.6332   0.0057
76.9849   0.00557
77.3367   0.00546
77.6884   0.00546
78.0402   0.00544
78.392   0.00535
78.7437   0.00534
79.0955   0.00549
79.4472   0.00584
79.799   0.00632
80.1508   0.00683
80.5025   0.00719
80.8543   0.00741
81.206   0.00768
81.5578   0.00818
81.9095   0.00892
82.2613   0.00948
82.6131   0.00947
82.9648   0.00929
83.3166   0.0095
83.6683   0.01011
84.0201   0.01079
84.3719   0.01111
84.7236   0.01109
85.0754   0.01095
85.4271   0.01045
85.7789   0.00972
86.1307   0.00927
86.4824   0.00928
86.8342   0.00971
87.1859   0.01065
87.5377   0.01194
87.8894   0.01249
88.2412   0.01152
88.593   0.00992
88.9447   0.00859
89.2965   0.00777
89.6482   0.00745
90   0.00756
