20   0.00067
20.3518   0.00073
20.7035   0.00079
21.0553   0.00086
21.407   0.00095
21.7588   0.00104
22.1105   0.00116
22.4623   0.00129
22.8141   0.00145
23.1658   0.00164
23.5176   0.00187
23.8694   0.00215
24.2211   0.0025
24.5729   0.00296
24.9246   0.00354
25.2764   0.00432
25.6281   0.00537
25.9799   0.00686
26.3317   0.009
26.6834   0.01218
27.0352   0.01694
27.3869   0.02374
27.7387   0.03161
28.0905   0.03607
28.4422   0.03307
28.794   0.026
29.1457   0.01982
29.4975   0.01593
29.8493   0.01416
30.201   0.0142
30.5528   0.01594
30.9045   0.01884
31.2563   0.02082
31.608   0.01926
31.9598   0.01513
32.3116   0.01109
32.6633   0.00813
33.0151   0.00611
33.3668   0.00474
33.7186   0.00378
34.0703   0.00309
34.4221   0.00258
34.7739   0.00219
35.1256   0.00188
35.4774   0.00164
35.8291   0.00145
36.1809   0.00129
36.5327   0.00115
36.8844   0.00104
37.2362   0.00095
37.5879   0.00086
37.9397   0.00079
38.2915   0.00073
38.6432   0.00068
38.995   0.00063
39.3467   0.00059
39.6985   0.00055
40.0502   0.00052
40.402   0.00049
40.7538   0.00047
41.1055   0.00044
41.4573   0.00042
41.809   0.00041
42.1608   0.00039
42.5126   0.00038
42.8643   0.00037
43.2161   0.00036
43.5678   0.00035
43.9196   0.00035
44.2714   0.00035
44.6231   0.00035
44.9749   0.00037
45.3266   0.00039
45.6784   0.00042
46.0301   0.00044
46.3819   0.00046
46.7337   0.00046
47.0854   0.00044
47.4372   0.00042
47.7889   0.0004
48.1407   0.00041
48.4925   0.00042
48.8442   0.00046
49.196   0.00052
49.5477   0.00061
49.8995   0.00073
50.2513   0.00083
50.603   0.00085
50.9548   0.00084
51.3065   0.00084
51.6583   0.00088
52.01   0.00096
52.3618   0.00104
52.7136   0.00116
53.0653   0.00128
53.4171   0.00133
53.7688   0.00128
54.1206   0.00122
54.4724   0.00125
54.8241   0.0014
55.1759   0.00161
55.5276   0.0018
55.8794   0.00191
56.2312   0.00204
56.5829   0.00223
56.9347   0.00235
57.2864   0.00223
57.6382   0.00198
57.99   0.00179
58.3417   0.00171
58.6935   0.00173
59.0452   0.00178
59.397   0.00177
59.7487   0.00172
60.1005   0.0017
60.4523   0.00173
60.804   0.00182
61.1558   0.00194
61.5075   0.00207
61.8593   0.00221
62.2111   0.00236
62.5628   0.00255
62.9146   0.00282
63.2663   0.00315
63.6181   0.00348
63.9699   0.00372
64.3216   0.00386
64.6734   0.00394
65.0251   0.00391
65.3769   0.00377
65.7286   0.00347
66.0804   0.00308
66.4322   0.0028
66.7839   0.00273
67.1357   0.00276
67.4874   0.00275
67.8392   0.00271
68.191   0.00278
68.5427   0.00302
68.8945   0.00333
69.2462   0.00354
69.598   0.00356
69.9497   0.00348
70.3015   0.00344
70.6533   0.00348
71.005   0.0034
71.3568   0.00304
71.7085   0.00259
72.0603   0.00227
72.4121   0.00212
72.7638   0.00211
73.1156   0.00214
73.4673   0.00205
73.8191   0.00181
74.1709   0.00153
74.5226   0.00134
74.8744   0.00122
75.2261   0.00109
75.5779   0.00094
75.9296   0.00078
76.2814   0.00067
76.6332   0.00059
76.9849   0.00055
77.3367   0.00052
77.6884   0.0005
78.0402   0.00049
78.392   0.00048
78.7437   0.00045
79.0955   0.00041
79.4472   0.00037
79.799   0.00033
80.1508   0.00029
80.5025   0.00026
80.8543   0.00025
81.206   0.00024
81.5578   0.00024
81.9095   0.00023
82.2613   0.00023
82.6131   0.00023
82.9648   0.00022
83.3166   0.00022
83.6683   0.00021
84.0201   0.00021
84.3719   0.0002
84.7236   0.00019
85.0754   0.00019
85.4271   0.00019
85.7789   0.0002
86.1307   0.0002
86.4824   0.0002
86.8342   0.0002
87.1859   0.00021
87.5377   0.00022
87.8894   0.00024
88.2412   0.00025
88.593   0.00026
88.9447   0.00027
89.2965   0.00027
89.6482   0.00028
90   0.00029
