20   1e-05
20.3518   1e-05
20.7035   1e-05
21.0553   1e-05
21.407   1e-05
21.7588   1e-05
22.1105   1e-05
22.4623   1e-05
22.8141   1e-05
23.1658   1e-05
23.5176   2e-05
23.8694   2e-05
24.2211   2e-05
24.5729   2e-05
24.9246   2e-05
25.2764   2e-05
25.6281   2e-05
25.9799   2e-05
26.3317   2e-05
26.6834   2e-05
27.0352   2e-05
27.3869   2e-05
27.7387   2e-05
28.0905   2e-05
28.4422   2e-05
28.794   2e-05
29.1457   2e-05
29.4975   3e-05
29.8493   3e-05
30.201   3e-05
30.5528   3e-05
30.9045   3e-05
31.2563   4e-05
31.608   4e-05
31.9598   4e-05
32.3116   5e-05
32.6633   5e-05
33.0151   6e-05
33.3668   7e-05
33.7186   9e-05
34.0703   0.00011
34.4221   0.00015
34.7739   0.0002
35.1256   0.00026
35.4774   0.0003
35.8291   0.00029
36.1809   0.00024
36.5327   0.0002
36.8844   0.00017
37.2362   0.00016
37.5879   0.00017
37.9397   0.00019
38.2915   0.00022
38.6432   0.00027
38.995   0.00032
39.3467   0.00032
39.6985   0.0003
40.0502   0.00029
40.402   0.00029
40.7538   0.00032
41.1055   0.00039
41.4573   0.00048
41.809   0.0006
42.1608   0.00073
42.5126   0.00087
42.8643   0.00093
43.2161   0.00085
43.5678   0.0007
43.9196   0.00059
44.2714   0.00053
44.6231   0.00053
44.9749   0.00059
45.3266   0.00069
45.6784   0.00081
46.0301   0.00094
46.3819   0.00099
46.7337   0.00092
47.0854   0.00077
47.4372   0.00066
47.7889   0.0006
48.1407   0.00057
48.4925   0.00054
48.8442   0.0005
49.196   0.00044
49.5477   0.00038
49.8995   0.00034
50.2513   0.00032
50.603   0.00033
50.9548   0.00035
51.3065   0.00039
51.6583   0.00044
52.01   0.00047
52.3618   0.00046
52.7136   0.00042
53.0653   0.00035
53.4171   0.00027
53.7688   0.00021
54.1206   0.00016
54.4724   0.00013
54.8241   0.00011
55.1759   0.0001
55.5276   0.0001
55.8794   0.0001
56.2312   0.0001
56.5829   0.0001
56.9347   9e-05
57.2864   8e-05
57.6382   7e-05
57.99   6e-05
58.3417   6e-05
58.6935   5e-05
59.0452   5e-05
59.397   5e-05
59.7487   5e-05
60.1005   5e-05
60.4523   6e-05
60.804   7e-05
61.1558   8e-05
61.5075   9e-05
61.8593   0.0001
62.2111   0.0001
62.5628   9e-05
62.9146   9e-05
63.2663   9e-05
63.6181   8e-05
63.9699   8e-05
64.3216   8e-05
64.6734   9e-05
65.0251   0.0001
65.3769   0.00012
65.7286   0.00014
66.0804   0.00015
66.4322   0.00015
66.7839   0.00014
67.1357   0.00013
67.4874   0.00014
67.8392   0.00015
68.191   0.00016
68.5427   0.00018
68.8945   0.0002
69.2462   0.00022
69.598   0.00024
69.9497   0.00025
70.3015   0.00026
70.6533   0.00027
71.005   0.00027
71.3568   0.00027
71.7085   0.00027
72.0603   0.00028
72.4121   0.00028
72.7638   0.00028
73.1156   0.00027
73.4673   0.00027
73.8191   0.00026
74.1709   0.00027
74.5226   0.00028
74.8744   0.00028
75.2261   0.00028
75.5779   0.00027
75.9296   0.00027
76.2814   0.00026
76.6332   0.00026
76.9849   0.00026
77.3367   0.00025
77.6884   0.00024
78.0402   0.00024
78.392   0.00024
78.7437   0.00025
79.0955   0.00027
79.4472   0.00029
79.799   0.00031
80.1508   0.00032
80.5025   0.00033
80.8543   0.00034
81.206   0.00035
81.5578   0.00034
81.9095   0.00033
82.2613   0.0003
82.6131   0.00029
82.9648   0.00027
83.3166   0.00026
83.6683   0.00025
84.0201   0.00025
84.3719   0.00026
84.7236   0.00027
85.0754   0.00028
85.4271   0.00029
85.7789   0.00029
86.1307   0.00028
86.4824   0.00026
86.8342   0.00024
87.1859   0.00022
87.5377   0.00021
87.8894   0.00021
88.2412   0.00021
88.593   0.00022
88.9447   0.00022
89.2965   0.00022
89.6482   0.00021
90   0.00021
