20   0.00011
20.3518   0.00011
20.7035   0.00011
21.0553   0.0001
21.407   0.0001
21.7588   0.0001
22.1105   9e-05
22.4623   9e-05
22.8141   9e-05
23.1658   9e-05
23.5176   8e-05
23.8694   8e-05
24.2211   8e-05
24.5729   8e-05
24.9246   8e-05
25.2764   7e-05
25.6281   7e-05
25.9799   7e-05
26.3317   7e-05
26.6834   7e-05
27.0352   7e-05
27.3869   6e-05
27.7387   6e-05
28.0905   6e-05
28.4422   6e-05
28.794   6e-05
29.1457   6e-05
29.4975   6e-05
29.8493   6e-05
30.201   5e-05
30.5528   5e-05
30.9045   5e-05
31.2563   5e-05
31.608   5e-05
31.9598   5e-05
32.3116   5e-05
32.6633   5e-05
33.0151   5e-05
33.3668   5e-05
33.7186   5e-05
34.0703   4e-05
34.4221   4e-05
34.7739   4e-05
35.1256   4e-05
35.4774   4e-05
35.8291   4e-05
36.1809   4e-05
36.5327   4e-05
36.8844   4e-05
37.2362   4e-05
37.5879   4e-05
37.9397   4e-05
38.2915   4e-05
38.6432   4e-05
38.995   4e-05
39.3467   4e-05
39.6985   4e-05
40.0502   4e-05
40.402   4e-05
40.7538   3e-05
41.1055   3e-05
41.4573   3e-05
41.809   3e-05
42.1608   3e-05
42.5126   3e-05
42.8643   3e-05
43.2161   3e-05
43.5678   3e-05
43.9196   3e-05
44.2714   3e-05
44.6231   3e-05
44.9749   3e-05
45.3266   4e-05
45.6784   4e-05
46.0301   4e-05
46.3819   4e-05
46.7337   4e-05
47.0854   4e-05
47.4372   4e-05
47.7889   4e-05
48.1407   4e-05
48.4925   5e-05
48.8442   5e-05
49.196   5e-05
49.5477   6e-05
49.8995   7e-05
50.2513   8e-05
50.603   0.0001
50.9548   0.00012
51.3065   0.00014
51.6583   0.00014
52.01   0.00014
52.3618   0.00013
52.7136   0.00013
53.0653   0.00013
53.4171   0.00012
53.7688   0.00013
54.1206   0.00014
54.4724   0.00016
54.8241   0.0002
55.1759   0.00023
55.5276   0.00024
55.8794   0.00023
56.2312   0.00022
56.5829   0.00021
56.9347   0.00019
57.2864   0.00018
57.6382   0.00019
57.99   0.0002
58.3417   0.00022
58.6935   0.00024
59.0452   0.00024
59.397   0.00023
59.7487   0.00022
60.1005   0.0002
60.4523   0.00019
60.804   0.00019
61.1558   0.0002
61.5075   0.00022
61.8593   0.00023
62.2111   0.00023
62.5628   0.00022
62.9146   0.00021
63.2663   0.00019
63.6181   0.00018
63.9699   0.00018
64.3216   0.00019
64.6734   0.0002
65.0251   0.0002
65.3769   0.00019
65.7286   0.00017
66.0804   0.00016
66.4322   0.00014
66.7839   0.00013
67.1357   0.00013
67.4874   0.00012
67.8392   0.00012
68.191   0.00012
68.5427   0.00013
68.8945   0.00013
69.2462   0.00014
69.598   0.00015
69.9497   0.00014
70.3015   0.00013
70.6533   0.00012
71.005   0.00011
71.3568   0.0001
71.7085   0.0001
72.0603   0.0001
72.4121   0.0001
72.7638   0.00011
73.1156   0.00013
73.4673   0.00012
73.8191   0.00011
74.1709   9e-05
74.5226   9e-05
74.8744   8e-05
75.2261   7e-05
75.5779   5e-05
75.9296   4e-05
76.2814   4e-05
76.6332   3e-05
76.9849   3e-05
77.3367   3e-05
77.6884   2e-05
78.0402   2e-05
78.392   2e-05
78.7437   2e-05
79.0955   2e-05
79.4472   2e-05
79.799   2e-05
80.1508   2e-05
80.5025   2e-05
80.8543   2e-05
81.206   2e-05
81.5578   2e-05
81.9095   2e-05
82.2613   2e-05
82.6131   2e-05
82.9648   2e-05
83.3166   2e-05
83.6683   2e-05
84.0201   2e-05
84.3719   2e-05
84.7236   2e-05
85.0754   2e-05
85.4271   2e-05
85.7789   2e-05
86.1307   2e-05
86.4824   2e-05
86.8342   2e-05
87.1859   2e-05
87.5377   2e-05
87.8894   2e-05
88.2412   2e-05
88.593   2e-05
88.9447   2e-05
89.2965   2e-05
89.6482   2e-05
90   2e-05
