20   0.00102
20.3518   0.00113
20.7035   0.00125
21.0553   0.00139
21.407   0.00155
21.7588   0.00175
22.1105   0.00198
22.4623   0.00227
22.8141   0.00262
23.1658   0.00306
23.5176   0.00363
23.8694   0.00435
24.2211   0.00531
24.5729   0.00661
24.9246   0.00841
25.2764   0.011
25.6281   0.01481
25.9799   0.02055
26.3317   0.02912
26.6834   0.04068
27.0352   0.05159
27.3869   0.05332
27.7387   0.04408
28.0905   0.03207
28.4422   0.02261
28.794   0.01617
29.1457   0.01191
29.4975   0.00904
29.8493   0.00705
30.201   0.00564
30.5528   0.0046
30.9045   0.00382
31.2563   0.00322
31.608   0.00275
31.9598   0.00237
32.3116   0.00207
32.6633   0.00182
33.0151   0.00161
33.3668   0.00144
33.7186   0.0013
34.0703   0.00117
34.4221   0.00107
34.7739   0.00097
35.1256   0.00089
35.4774   0.00082
35.8291   0.00076
36.1809   0.00071
36.5327   0.00066
36.8844   0.00062
37.2362   0.00058
37.5879   0.00054
37.9397   0.00051
38.2915   0.00048
38.6432   0.00046
38.995   0.00044
39.3467   0.00042
39.6985   0.0004
40.0502   0.00038
40.402   0.00037
40.7538   0.00035
41.1055   0.00034
41.4573   0.00033
41.809   0.00032
42.1608   0.00031
42.5126   0.00031
42.8643   0.0003
43.2161   0.0003
43.5678   0.0003
43.9196   0.0003
44.2714   0.00031
44.6231   0.00032
44.9749   0.00034
45.3266   0.00036
45.6784   0.00041
46.0301   0.00047
46.3819   0.00054
46.7337   0.00058
47.0854   0.00056
47.4372   0.0005
47.7889   0.00044
48.1407   0.00042
48.4925   0.00041
48.8442   0.00041
49.196   0.00043
49.5477   0.00046
49.8995   0.00051
50.2513   0.00059
50.603   0.0007
50.9548   0.00086
51.3065   0.00107
51.6583   0.00131
52.01   0.00154
52.3618   0.00175
52.7136   0.00197
53.0653   0.00215
53.4171   0.00212
53.7688   0.00184
54.1206   0.00151
54.4724   0.00129
54.8241   0.00119
55.1759   0.00119
55.5276   0.00122
55.8794   0.00121
56.2312   0.00121
56.5829   0.00126
56.9347   0.00135
57.2864   0.00147
57.6382   0.00155
57.99   0.00163
58.3417   0.00176
58.6935   0.00198
59.0452   0.00224
59.397   0.00247
59.7487   0.00268
60.1005   0.00286
60.4523   0.00303
60.804   0.0032
61.1558   0.00334
61.5075   0.00336
61.8593   0.00324
62.2111   0.003
62.5628   0.00276
62.9146   0.00266
63.2663   0.00264
63.6181   0.00261
63.9699   0.00252
64.3216   0.00242
64.6734   0.00243
65.0251   0.00258
65.3769   0.00276
65.7286   0.00282
66.0804   0.00275
66.4322   0.00265
66.7839   0.00268
67.1357   0.00281
67.4874   0.00283
67.8392   0.00264
68.191   0.00242
68.5427   0.00231
68.8945   0.00232
69.2462   0.00244
69.598   0.00262
69.9497   0.00278
70.3015   0.00275
70.6533   0.00255
71.005   0.00229
71.3568   0.00207
71.7085   0.00195
72.0603   0.00192
72.4121   0.00195
72.7638   0.00198
73.1156   0.00195
73.4673   0.00185
73.8191   0.00169
74.1709   0.00155
74.5226   0.00152
74.8744   0.00157
75.2261   0.00158
75.5779   0.00144
75.9296   0.00123
76.2814   0.00107
76.6332   0.00099
76.9849   0.00096
77.3367   0.00096
77.6884   0.00095
78.0402   0.00095
78.392   0.00094
78.7437   0.00092
79.0955   0.00087
79.4472   0.00076
79.799   0.00062
80.1508   0.00049
80.5025   0.0004
80.8543   0.00034
81.206   0.0003
81.5578   0.00027
81.9095   0.00025
82.2613   0.00024
82.6131   0.00023
82.9648   0.00022
83.3166   0.00021
83.6683   0.0002
84.0201   0.00019
84.3719   0.00018
84.7236   0.00017
85.0754   0.00017
85.4271   0.00018
85.7789   0.00018
86.1307   0.00019
86.4824   0.00019
86.8342   0.00019
87.1859   0.00019
87.5377   0.0002
87.8894   0.0002
88.2412   0.00021
88.593   0.00021
88.9447   0.0002
89.2965   0.0002
89.6482   0.0002
90   0.00021
