20   0.00137
20.3518   0.00151
20.7035   0.00167
21.0553   0.00185
21.407   0.00208
21.7588   0.00234
22.1105   0.00266
22.4623   0.00304
22.8141   0.00351
23.1658   0.00411
23.5176   0.00486
23.8694   0.00583
24.2211   0.00712
24.5729   0.00886
24.9246   0.01127
25.2764   0.01474
25.6281   0.01985
25.9799   0.02755
26.3317   0.03904
26.6834   0.05454
27.0352   0.06916
27.3869   0.07149
27.7387   0.05909
28.0905   0.04299
28.4422   0.03031
28.794   0.02168
29.1457   0.01596
29.4975   0.01211
29.8493   0.00945
30.201   0.00755
30.5528   0.00616
30.9045   0.00511
31.2563   0.00431
31.608   0.00368
31.9598   0.00317
32.3116   0.00277
32.6633   0.00243
33.0151   0.00216
33.3668   0.00193
33.7186   0.00173
34.0703   0.00157
34.4221   0.00142
34.7739   0.0013
35.1256   0.00119
35.4774   0.0011
35.8291   0.00101
36.1809   0.00094
36.5327   0.00087
36.8844   0.00082
37.2362   0.00077
37.5879   0.00072
37.9397   0.00068
38.2915   0.00064
38.6432   0.00061
38.995   0.00058
39.3467   0.00055
39.6985   0.00052
40.0502   0.0005
40.402   0.00048
40.7538   0.00046
41.1055   0.00045
41.4573   0.00043
41.809   0.00042
42.1608   0.00041
42.5126   0.0004
42.8643   0.00039
43.2161   0.00039
43.5678   0.00039
43.9196   0.00039
44.2714   0.0004
44.6231   0.00041
44.9749   0.00043
45.3266   0.00046
45.6784   0.00052
46.0301   0.0006
46.3819   0.0007
46.7337   0.00075
47.0854   0.00071
47.4372   0.00063
47.7889   0.00056
48.1407   0.00052
48.4925   0.0005
48.8442   0.0005
49.196   0.00052
49.5477   0.00056
49.8995   0.00061
50.2513   0.0007
50.603   0.00083
50.9548   0.00101
51.3065   0.00126
51.6583   0.00153
52.01   0.00175
52.3618   0.00193
52.7136   0.00214
53.0653   0.00234
53.4171   0.00235
53.7688   0.00207
54.1206   0.00172
54.4724   0.00148
54.8241   0.00138
55.1759   0.00138
55.5276   0.00141
55.8794   0.00138
56.2312   0.00133
56.5829   0.0013
56.9347   0.00133
57.2864   0.00139
57.6382   0.00148
57.99   0.0016
58.3417   0.00182
58.6935   0.00212
59.0452   0.00246
59.397   0.00279
59.7487   0.00313
60.1005   0.00346
60.4523   0.00374
60.804   0.004
61.1558   0.00419
61.5075   0.0042
61.8593   0.00402
62.2111   0.00366
62.5628   0.00331
62.9146   0.00311
63.2663   0.00301
63.6181   0.00293
63.9699   0.00283
64.3216   0.00279
64.6734   0.0029
65.0251   0.00316
65.3769   0.00344
65.7286   0.00356
66.0804   0.00347
66.4322   0.00336
66.7839   0.0034
67.1357   0.00357
67.4874   0.00359
67.8392   0.00331
68.191   0.00299
68.5427   0.00283
68.8945   0.00283
69.2462   0.00296
69.598   0.00317
69.9497   0.00334
70.3015   0.00328
70.6533   0.00298
71.005   0.00258
71.3568   0.00221
71.7085   0.00194
72.0603   0.0018
72.4121   0.00176
72.7638   0.00179
73.1156   0.00184
73.4673   0.00185
73.8191   0.00178
74.1709   0.00169
74.5226   0.00171
74.8744   0.00182
75.2261   0.00184
75.5779   0.00164
75.9296   0.00133
76.2814   0.00108
76.6332   0.00091
76.9849   0.00081
77.3367   0.00074
77.6884   0.00068
78.0402   0.00064
78.392   0.00061
78.7437   0.00057
79.0955   0.00053
79.4472   0.00046
79.799   0.00039
80.1508   0.00033
80.5025   0.00029
80.8543   0.00026
81.206   0.00024
81.5578   0.00022
81.9095   0.00021
82.2613   0.0002
82.6131   0.0002
82.9648   0.00019
83.3166   0.00018
83.6683   0.00018
84.0201   0.00017
84.3719   0.00017
84.7236   0.00016
85.0754   0.00017
85.4271   0.00017
85.7789   0.00018
86.1307   0.00018
86.4824   0.00019
86.8342   0.00019
87.1859   0.0002
87.5377   0.00021
87.8894   0.00022
88.2412   0.00022
88.593   0.00023
88.9447   0.00023
89.2965   0.00022
89.6482   0.00022
90   0.00023
