20   0.00172
20.3518   0.0019
20.7035   0.0021
21.0553   0.00234
21.407   0.00261
21.7588   0.00295
22.1105   0.00334
22.4623   0.00383
22.8141   0.00442
23.1658   0.00517
23.5176   0.00612
23.8694   0.00734
24.2211   0.00896
24.5729   0.01114
24.9246   0.01419
25.2764   0.01855
25.6281   0.02498
25.9799   0.03467
26.3317   0.04912
26.6834   0.06862
27.0352   0.08701
27.3869   0.08994
27.7387   0.07435
28.0905   0.05409
28.4422   0.03813
28.794   0.02727
29.1457   0.02008
29.4975   0.01524
29.8493   0.01189
30.201   0.0095
30.5528   0.00775
30.9045   0.00643
31.2563   0.00542
31.608   0.00463
31.9598   0.00399
32.3116   0.00348
32.6633   0.00306
33.0151   0.00272
33.3668   0.00243
33.7186   0.00218
34.0703   0.00197
34.4221   0.00179
34.7739   0.00164
35.1256   0.0015
35.4774   0.00138
35.8291   0.00128
36.1809   0.00119
36.5327   0.0011
36.8844   0.00103
37.2362   0.00097
37.5879   0.00091
37.9397   0.00086
38.2915   0.00081
38.6432   0.00077
38.995   0.00073
39.3467   0.00069
39.6985   0.00066
40.0502   0.00064
40.402   0.00061
40.7538   0.00059
41.1055   0.00057
41.4573   0.00055
41.809   0.00054
42.1608   0.00052
42.5126   0.00051
42.8643   0.0005
43.2161   0.0005
43.5678   0.0005
43.9196   0.0005
44.2714   0.00051
44.6231   0.00053
44.9749   0.00055
45.3266   0.0006
45.6784   0.00067
46.0301   0.00078
46.3819   0.0009
46.7337   0.00096
47.0854   0.00091
47.4372   0.00081
47.7889   0.00073
48.1407   0.00068
48.4925   0.00066
48.8442   0.00067
49.196   0.0007
49.5477   0.00074
49.8995   0.00082
50.2513   0.00094
50.603   0.00111
50.9548   0.00137
51.3065   0.00172
51.6583   0.00212
52.01   0.00248
52.3618   0.00278
52.7136   0.0031
53.0653   0.00335
53.4171   0.0033
53.7688   0.00287
54.1206   0.00237
54.4724   0.00203
54.8241   0.00189
55.1759   0.00189
55.5276   0.00194
55.8794   0.00193
56.2312   0.00191
56.5829   0.00196
56.9347   0.00207
57.2864   0.00223
57.6382   0.00238
57.99   0.00253
58.3417   0.00279
58.6935   0.00319
59.0452   0.00363
59.397   0.00403
59.7487   0.00438
60.1005   0.00469
60.4523   0.00498
60.804   0.00527
61.1558   0.00549
61.5075   0.00552
61.8593   0.00531
62.2111   0.00488
62.5628   0.00447
62.9146   0.00427
63.2663   0.0042
63.6181   0.00412
63.9699   0.00396
64.3216   0.00383
64.6734   0.00389
65.0251   0.00416
65.3769   0.00447
65.7286   0.0046
66.0804   0.00447
66.4322   0.00433
66.7839   0.00439
67.1357   0.00461
67.4874   0.00464
67.8392   0.00431
68.191   0.00393
68.5427   0.00374
68.8945   0.00377
69.2462   0.00395
69.598   0.00424
69.9497   0.00447
70.3015   0.00439
70.6533   0.00402
71.005   0.00353
71.3568   0.00311
71.7085   0.00284
72.0603   0.00272
72.4121   0.00273
72.7638   0.00276
73.1156   0.00275
73.4673   0.00267
73.8191   0.00249
74.1709   0.00233
74.5226   0.00232
74.8744   0.00244
75.2261   0.00247
75.5779   0.00222
75.9296   0.00186
76.2814   0.00158
76.6332   0.00141
76.9849   0.00135
77.3367   0.00133
77.6884   0.00131
78.0402   0.0013
78.392   0.0013
78.7437   0.00128
79.0955   0.00122
79.4472   0.00107
79.799   0.00088
80.1508   0.0007
80.5025   0.00057
80.8543   0.00049
81.206   0.00043
81.5578   0.00038
81.9095   0.00035
82.2613   0.00033
82.6131   0.00031
82.9648   0.0003
83.3166   0.00029
83.6683   0.00027
84.0201   0.00025
84.3719   0.00024
84.7236   0.00023
85.0754   0.00023
85.4271   0.00023
85.7789   0.00023
86.1307   0.00023
86.4824   0.00023
86.8342   0.00022
87.1859   0.00022
87.5377   0.00022
87.8894   0.00021
88.2412   0.00021
88.593   0.0002
88.9447   0.0002
89.2965   0.0002
89.6482   0.00021
90   0.00021
