20   0.00052
20.3518   0.00054
20.7035   0.00056
21.0553   0.00058
21.407   0.00061
21.7588   0.00063
22.1105   0.00066
22.4623   0.00069
22.8141   0.00073
23.1658   0.00076
23.5176   0.0008
23.8694   0.00084
24.2211   0.00089
24.5729   0.00094
24.9246   0.001
25.2764   0.00106
25.6281   0.00113
25.9799   0.0012
26.3317   0.00129
26.6834   0.00138
27.0352   0.00149
27.3869   0.00161
27.7387   0.00175
28.0905   0.00192
28.4422   0.0021
28.794   0.00232
29.1457   0.00258
29.4975   0.00289
29.8493   0.00327
30.201   0.00373
30.5528   0.00431
30.9045   0.00505
31.2563   0.00601
31.608   0.00729
31.9598   0.00905
32.3116   0.01153
32.6633   0.01514
33.0151   0.02054
33.3668   0.02857
33.7186   0.03959
34.0703   0.05071
34.4221   0.05398
34.7739   0.04634
35.1256   0.03524
35.4774   0.02644
35.8291   0.02079
36.1809   0.01761
36.5327   0.01626
36.8844   0.01648
37.2362   0.01834
37.5879   0.0222
37.9397   0.02846
38.2915   0.03615
38.6432   0.04064
38.995   0.03726
39.3467   0.02925
39.6985   0.02191
40.0502   0.01682
40.402   0.01356
40.7538   0.01141
41.1055   0.00994
41.4573   0.00905
41.809   0.00866
42.1608   0.00867
42.5126   0.00901
42.8643   0.00974
43.2161   0.0111
43.5678   0.01346
43.9196   0.01727
44.2714   0.02282
44.6231   0.0289
44.9749   0.03144
45.3266   0.02788
45.6784   0.02181
46.0301   0.01679
46.3819   0.01356
46.7337   0.01163
47.0854   0.01026
47.4372   0.00904
47.7889   0.0081
48.1407   0.00754
48.4925   0.0073
48.8442   0.00725
49.196   0.00733
49.5477   0.00761
49.8995   0.00816
50.2513   0.00902
50.603   0.01029
50.9548   0.0121
51.3065   0.01468
51.6583   0.01838
52.01   0.02373
52.3618   0.03121
52.7136   0.0407
53.0653   0.05174
53.4171   0.06608
53.7688   0.08518
54.1206   0.10149
54.4724   0.09951
54.8241   0.07977
55.1759   0.05767
55.5276   0.04096
55.8794   0.02969
56.2312   0.02218
56.5829   0.01709
56.9347   0.01353
57.2864   0.01096
57.6382   0.00906
57.99   0.00763
58.3417   0.00651
58.6935   0.00563
59.0452   0.00493
59.397   0.00435
59.7487   0.00388
60.1005   0.00349
60.4523   0.00316
60.804   0.00289
61.1558   0.00265
61.5075   0.00245
61.8593   0.00229
62.2111   0.00215
62.5628   0.00205
62.9146   0.00196
63.2663   0.00187
63.6181   0.00178
63.9699   0.00168
64.3216   0.0016
64.6734   0.00155
65.0251   0.00153
65.3769   0.00154
65.7286   0.00156
66.0804   0.00156
66.4322   0.00152
66.7839   0.00149
67.1357   0.00149
67.4874   0.00155
67.8392   0.00165
68.191   0.00175
68.5427   0.00179
68.8945   0.00178
69.2462   0.00177
69.598   0.00178
69.9497   0.00177
70.3015   0.00171
70.6533   0.00163
71.005   0.00157
71.3568   0.00154
71.7085   0.00156
72.0603   0.00162
72.4121   0.00172
72.7638   0.00183
73.1156   0.00194
73.4673   0.00207
73.8191   0.00227
74.1709   0.00252
74.5226   0.00284
74.8744   0.00326
75.2261   0.00375
75.5779   0.00426
75.9296   0.00472
76.2814   0.00507
76.6332   0.00536
76.9849   0.00556
77.3367   0.0056
77.6884   0.00557
78.0402   0.00565
78.392   0.00596
78.7437   0.00625
79.0955   0.00636
79.4472   0.00662
79.799   0.00737
80.1508   0.00866
80.5025   0.01001
80.8543   0.01078
81.206   0.01116
81.5578   0.01142
81.9095   0.01112
82.2613   0.01028
82.6131   0.00955
82.9648   0.00933
83.3166   0.00969
83.6683   0.01075
84.0201   0.01218
84.3719   0.01258
84.7236   0.01119
85.0754   0.00915
85.4271   0.00753
85.7789   0.00656
86.1307   0.0061
86.4824   0.00598
86.8342   0.00612
87.1859   0.00661
87.5377   0.00764
87.8894   0.00917
88.2412   0.01052
88.593   0.01043
88.9447   0.00882
89.2965   0.00695
89.6482   0.00548
90   0.0044
