20   0.00062
20.3518   0.00064
20.7035   0.00067
21.0553   0.0007
21.407   0.00073
21.7588   0.00077
22.1105   0.0008
22.4623   0.00085
22.8141   0.00089
23.1658   0.00094
23.5176   0.00099
23.8694   0.00105
24.2211   0.00111
24.5729   0.00118
24.9246   0.00125
25.2764   0.00134
25.6281   0.00143
25.9799   0.00154
26.3317   0.00166
26.6834   0.00179
27.0352   0.00194
27.3869   0.00212
27.7387   0.00232
28.0905   0.00256
28.4422   0.00284
28.794   0.00317
29.1457   0.00357
29.4975   0.00406
29.8493   0.00466
30.201   0.00541
30.5528   0.00638
30.9045   0.00765
31.2563   0.00936
31.608   0.01172
31.9598   0.01509
32.3116   0.02004
32.6633   0.02746
33.0151   0.03834
33.3668   0.05237
33.7186   0.06391
34.0703   0.06334
34.4221   0.05175
34.7739   0.03904
35.1256   0.02994
35.4774   0.02453
35.8291   0.02199
36.1809   0.02183
36.5327   0.02401
36.8844   0.02885
37.2362   0.03613
37.5879   0.04292
37.9397   0.04361
38.2915   0.03797
38.6432   0.03098
38.995   0.02472
39.3467   0.01957
39.6985   0.01591
40.0502   0.01367
40.402   0.01254
40.7538   0.01226
41.1055   0.01279
41.4573   0.01432
41.809   0.01679
42.1608   0.01914
42.5126   0.01951
42.8643   0.01787
43.2161   0.01624
43.5678   0.01595
43.9196   0.01734
44.2714   0.02011
44.6231   0.02274
44.9749   0.02256
45.3266   0.01929
45.6784   0.01557
46.0301   0.01296
46.3819   0.01157
46.7337   0.01107
47.0854   0.0111
47.4372   0.01155
47.7889   0.01273
48.1407   0.0146
48.4925   0.01611
48.8442   0.01579
49.196   0.01414
49.5477   0.01271
49.8995   0.01217
50.2513   0.01253
50.603   0.01357
50.9548   0.01529
51.3065   0.0181
51.6583   0.02265
52.01   0.02956
52.3618   0.03896
52.7136   0.04952
53.0653   0.05945
53.4171   0.06748
53.7688   0.06787
54.1206   0.05705
54.4724   0.04249
54.8241   0.03069
55.1759   0.02259
55.5276   0.01726
55.8794   0.01376
56.2312   0.01148
56.5829   0.01004
56.9347   0.00926
57.2864   0.00911
57.6382   0.00966
57.99   0.01094
58.3417   0.01253
58.6935   0.01301
59.0452   0.01146
59.397   0.00903
59.7487   0.00695
60.1005   0.00548
60.4523   0.00447
60.804   0.00378
61.1558   0.0033
61.5075   0.00297
61.8593   0.00273
62.2111   0.00255
62.5628   0.00239
62.9146   0.00226
63.2663   0.00217
63.6181   0.0021
63.9699   0.00199
64.3216   0.00185
64.6734   0.00172
65.0251   0.00164
65.3769   0.00161
65.7286   0.00162
66.0804   0.00162
66.4322   0.0016
66.7839   0.00158
67.1357   0.00158
67.4874   0.00163
67.8392   0.00171
68.191   0.00179
68.5427   0.00182
68.8945   0.00181
69.2462   0.00182
69.598   0.00188
69.9497   0.00196
70.3015   0.00202
70.6533   0.00205
71.005   0.00207
71.3568   0.00209
71.7085   0.00212
72.0603   0.00215
72.4121   0.00219
72.7638   0.00221
73.1156   0.00226
73.4673   0.00236
73.8191   0.00256
74.1709   0.00281
74.5226   0.00311
74.8744   0.00346
75.2261   0.00388
75.5779   0.00432
75.9296   0.00471
76.2814   0.00496
76.6332   0.00511
76.9849   0.00517
77.3367   0.00515
77.6884   0.00514
78.0402   0.00521
78.392   0.0054
78.7437   0.00559
79.0955   0.00574
79.4472   0.00607
79.799   0.00677
80.1508   0.00776
80.5025   0.00863
80.8543   0.00903
81.206   0.00922
81.5578   0.00939
81.9095   0.00923
82.2613   0.00876
82.6131   0.00831
82.9648   0.00819
83.3166   0.00852
83.6683   0.00933
84.0201   0.01014
84.3719   0.01003
84.7236   0.00892
85.0754   0.00767
85.4271   0.00672
85.7789   0.0061
86.1307   0.00583
86.4824   0.00586
86.8342   0.00614
87.1859   0.00676
87.5377   0.00775
87.8894   0.00865
88.2412   0.00877
88.593   0.00794
88.9447   0.00662
89.2965   0.00545
89.6482   0.00465
90   0.00416
