20   0.00015
20.3518   0.00015
20.7035   0.00014
21.0553   0.00014
21.407   0.00013
21.7588   0.00013
22.1105   0.00013
22.4623   0.00012
22.8141   0.00012
23.1658   0.00012
23.5176   0.00011
23.8694   0.00011
24.2211   0.00011
24.5729   0.0001
24.9246   0.0001
25.2764   0.0001
25.6281   0.0001
25.9799   9e-05
26.3317   9e-05
26.6834   9e-05
27.0352   9e-05
27.3869   9e-05
27.7387   8e-05
28.0905   8e-05
28.4422   8e-05
28.794   8e-05
29.1457   8e-05
29.4975   7e-05
29.8493   7e-05
30.201   7e-05
30.5528   7e-05
30.9045   7e-05
31.2563   7e-05
31.608   7e-05
31.9598   7e-05
32.3116   6e-05
32.6633   6e-05
33.0151   6e-05
33.3668   6e-05
33.7186   6e-05
34.0703   6e-05
34.4221   6e-05
34.7739   6e-05
35.1256   6e-05
35.4774   5e-05
35.8291   5e-05
36.1809   5e-05
36.5327   5e-05
36.8844   5e-05
37.2362   5e-05
37.5879   5e-05
37.9397   5e-05
38.2915   5e-05
38.6432   5e-05
38.995   5e-05
39.3467   5e-05
39.6985   5e-05
40.0502   5e-05
40.402   5e-05
40.7538   4e-05
41.1055   4e-05
41.4573   4e-05
41.809   4e-05
42.1608   4e-05
42.5126   4e-05
42.8643   4e-05
43.2161   4e-05
43.5678   4e-05
43.9196   4e-05
44.2714   4e-05
44.6231   4e-05
44.9749   4e-05
45.3266   4e-05
45.6784   5e-05
46.0301   5e-05
46.3819   5e-05
46.7337   5e-05
47.0854   5e-05
47.4372   5e-05
47.7889   5e-05
48.1407   5e-05
48.4925   6e-05
48.8442   6e-05
49.196   6e-05
49.5477   7e-05
49.8995   8e-05
50.2513   0.0001
50.603   0.00012
50.9548   0.00015
51.3065   0.00018
51.6583   0.00018
52.01   0.00017
52.3618   0.00016
52.7136   0.00015
53.0653   0.00015
53.4171   0.00014
53.7688   0.00013
54.1206   0.00014
54.4724   0.00016
54.8241   0.00018
55.1759   0.00022
55.5276   0.00024
55.8794   0.00024
56.2312   0.00023
56.5829   0.00022
56.9347   0.00021
57.2864   0.0002
57.6382   0.0002
57.99   0.00021
58.3417   0.00023
58.6935   0.00024
59.0452   0.00024
59.397   0.00023
59.7487   0.00022
60.1005   0.00021
60.4523   0.00019
60.804   0.00019
61.1558   0.0002
61.5075   0.00022
61.8593   0.00023
62.2111   0.00022
62.5628   0.00021
62.9146   0.00019
63.2663   0.00018
63.6181   0.00017
63.9699   0.00016
64.3216   0.00017
64.6734   0.00018
65.0251   0.00018
65.3769   0.00018
65.7286   0.00016
66.0804   0.00015
66.4322   0.00014
66.7839   0.00013
67.1357   0.00013
67.4874   0.00012
67.8392   0.00011
68.191   0.00011
68.5427   0.00011
68.8945   0.00012
69.2462   0.00013
69.598   0.00014
69.9497   0.00014
70.3015   0.00013
70.6533   0.00012
71.005   0.00012
71.3568   0.00011
71.7085   0.0001
72.0603   0.0001
72.4121   0.0001
72.7638   0.00011
73.1156   0.00012
73.4673   0.00012
73.8191   0.00011
74.1709   9e-05
74.5226   8e-05
74.8744   7e-05
75.2261   6e-05
75.5779   5e-05
75.9296   4e-05
76.2814   4e-05
76.6332   3e-05
76.9849   3e-05
77.3367   3e-05
77.6884   3e-05
78.0402   2e-05
78.392   2e-05
78.7437   2e-05
79.0955   2e-05
79.4472   2e-05
79.799   2e-05
80.1508   2e-05
80.5025   2e-05
80.8543   2e-05
81.206   2e-05
81.5578   2e-05
81.9095   2e-05
82.2613   2e-05
82.6131   2e-05
82.9648   2e-05
83.3166   2e-05
83.6683   2e-05
84.0201   2e-05
84.3719   2e-05
84.7236   2e-05
85.0754   2e-05
85.4271   2e-05
85.7789   2e-05
86.1307   2e-05
86.4824   2e-05
86.8342   2e-05
87.1859   2e-05
87.5377   2e-05
87.8894   2e-05
88.2412   2e-05
88.593   2e-05
88.9447   2e-05
89.2965   2e-05
89.6482   2e-05
90   2e-05
