  -100.000000000000000      0.125816231090521372E-01 
  -99.7157190635451514      0.119625422839189696E-01 
  -99.4314381270903027      0.114274908509499843E-01 
  -99.1471571906354541      0.109681146221198584E-01 
  -98.8628762541806054      0.105764446944792648E-01 
  -98.5785953177257568      0.102451467172626990E-01 
  -98.2943143812709081      0.996763238513670088E-02 
  -98.0100334448160595      0.973808477051767672E-02 
  -97.7257525083612109      0.955143320896464226E-02 
  -97.4414715719063480      0.940330139142349884E-02 
  -97.1571906354514994      0.928994369091242639E-02 
  -96.8729096989966507      0.920817885156200756E-02 
  -96.5886287625418021      0.915532627865533154E-02 
  -96.3043478260869534      0.912914768878200951E-02 
  -96.0200668896321048      0.912779535252534156E-02 
  -95.7357859531772561      0.914976726094966775E-02 
  -95.4515050167224075      0.919386904643569244E-02 
  -95.1672240802675589      0.925918223784996490E-02 
  -94.8829431438127102      0.934503833168659134E-02 
  -94.5986622073578616      0.945099815220170475E-02 
  -94.3143812709030129      0.957683601567708639E-02 
  -94.0301003344481643      0.972252828308355251E-02 
  -93.7458193979933156      0.988824596765054339E-02 
  -93.4615384615384670      0.100743511514635245E-01 
  -93.1772575250836184      0.102813970543462491E-01 
  -92.8929765886287697      0.105101316874407387E-01 
  -92.6086956521739069      0.107615051129701812E-01 
  -92.3244147157190582      0.110366804213135380E-01 
  -92.0401337792642096      0.113370486277015112E-01 
  -91.7558528428093609      0.116642477844678058E-01 
  -91.4715719063545123      0.120201867013262596E-01 
  -91.1872909698996637      0.124070737651381085E-01 
  -90.9030100334448150      0.128274514500131970E-01 
  -90.6187290969899664      0.132842372036137066E-01 
  -90.3344481605351177      0.137807714771784346E-01 
  -90.0501672240802691      0.143208737193018867E-01 
  -89.7658862876254204      0.149089071506860234E-01 
  -89.4816053511705718      0.155498530368198638E-01 
  -89.1973244147157232      0.162493949119185861E-01 
  -88.9130434782608745      0.170140126798307631E-01 
  -88.6287625418060259      0.178510855763843353E-01 
  -88.3444816053511772      0.187690014074776389E-01 
  -88.0602006688963286      0.197772669815511302E-01 
  -87.7759197324414657      0.208866108509517846E-01 
  -87.4916387959866171      0.221090639196967580E-01 
  -87.2073578595317684      0.234579957488251292E-01 
  -86.9230769230769198      0.249480743105208458E-01 
  -86.6387959866220712      0.265951049224161414E-01 
  -86.3545150501672225      0.284156916608113846E-01 
  -86.0702341137123739      0.304266548166649622E-01 
  -85.7859531772575252      0.326441355479187012E-01 
  -85.5016722408026766      0.350823286293981199E-01 
  -85.2173913043478279      0.377518083657340658E-01 
  -84.9331103678929793      0.406574482655817776E-01 
  -84.6488294314381307      0.437959750028603587E-01 
  -84.3645484949832820      0.471532412557333289E-01 
  -84.0802675585284334      0.507013748403676925E-01 
  -83.7959866220735847      0.543961030417573765E-01 
  -83.5117056856187361      0.581747292228692869E-01 
  -83.2274247491638874      0.619554272343775803E-01 
  -82.9431438127090246      0.656392039509915981E-01 
  -82.6588628762541759      0.691169616363552647E-01 
  -82.3745819397993273      0.722822017332160199E-01 
  -82.0903010033444787      0.750442382794125062E-01 
  -81.8060200668896300      0.773359956200736914E-01 
  -81.5217391304347814      0.791168902647536310E-01 
  -81.2374581939799327      0.803742451129720870E-01 
  -80.9531772575250841      0.811240721720676849E-01 
  -80.6688963210702354      0.814103202506477608E-01 
  -80.3846153846153868      0.813019864154905098E-01 
  -80.1003344481605382      0.808882037429353301E-01 
  -79.8160535117056895      0.802721902857337910E-01 
  -79.5317725752508409      0.795654657859370951E-01 
  -79.2474916387959922      0.788831578556241364E-01 
  -78.9632107023411436      0.783390046167800475E-01 
  -78.6789297658862949      0.780355913789688715E-01 
  -78.3946488294314463      0.780443982333029335E-01 
  -78.1103678929765834      0.783768873648267861E-01 
  -77.8260869565217348      0.789657214411388503E-01 
  -77.5418060200668862      0.796880900221955540E-01 
  -77.2575250836120375      0.804280319191172377E-01 
  -76.9732441471571889      0.811075388573396922E-01 
  -76.6889632107023402      0.816503953471401089E-01 
  -76.4046822742474916      0.819616991651569565E-01 
  -76.1204013377926429      0.819688068779066831E-01 
  -75.8361204013377943      0.816343697548084224E-01 
  -75.5518394648829457      0.809199129764979208E-01 
  -75.2675585284280970      0.798128825316688911E-01 
  -74.9832775919732484      0.784188990932016688E-01 
  -74.6989966555183997      0.769703910053317897E-01 
  -74.4147157190635511      0.757178988991121515E-01 
  -74.1304347826087024      0.748297851523598428E-01 
  -73.8461538461538538      0.743769756396335663E-01 
  -73.5618729096990052      0.743723904618096981E-01 
  -73.2775919732441423      0.748129131715453422E-01 
  -72.9933110367892937      0.756965947893225299E-01 
  -72.7090301003344450      0.770169743758446906E-01 
  -72.4247491638795964      0.787515240507450642E-01 
  -72.1404682274247477      0.808547829226628628E-01 
  -71.8561872909698991      0.832565082196902451E-01 
  -71.5719063545150505      0.858628841334448806E-01 
  -71.2876254180602018      0.885601574735013081E-01 
  -71.0033444816053532      0.912206860075196885E-01 
  -70.7190635451505045      0.937112243698931119E-01 
  -70.4347826086956559      0.959036032135891225E-01 
  -70.1505016722408072      0.976889415739685130E-01 
  -69.8662207357859586      0.989950770026053611E-01 
  -69.5819397993311100      0.998010585635314001E-01 
  -69.2976588628762613      0.100139483166967996     
  -69.0133779264214127      0.100080189779709589     
  -68.7290969899665640      0.996922636688021280E-01 
  -68.4448160535117012      0.989955074797352480E-01 
  -68.1605351170568525      0.979350160202832332E-01 
  -67.8762541806020039      0.964122562069973654E-01 
  -67.5919732441471552      0.943643136415102113E-01 
  -67.3076923076923066      0.918333523670316620E-01 
  -67.0234113712374580      0.889773503828575479E-01 
  -66.7391304347826093      0.860234027816116215E-01 
  -66.4548494983277607      0.831956355096125783E-01 
  -66.1705685618729120      0.806565782425195388E-01 
  -65.8862876254180634      0.784840531203308406E-01 
  -65.6020066889632147      0.766803872362305378E-01 
  -65.3177257525083661      0.752033731939395350E-01 
  -65.0334448160535175      0.740091276986896973E-01 
  -64.7491638795986688      0.730856449253060730E-01 
  -64.4648829431438202      0.724534245762519236E-01 
  -64.1806020066889715      0.721388925136286496E-01 
  -63.8963210702341158      0.721487790189608708E-01 
  -63.6120401337792671      0.724618912147952376E-01 
  -63.3277591973244185      0.730374096104904336E-01 
  -63.0434782608695699      0.738315446465504788E-01 
  -62.7591973244147212      0.748115372076156582E-01 
  -62.4749163879598726      0.759612897137819099E-01 
  -62.1906354515050168      0.772825718023940900E-01 
  -61.9063545150501682      0.787958836432281345E-01 
  -61.6220735785953195      0.805393140947475022E-01 
  -61.3377926421404709      0.825626240586573718E-01 
  -61.0535117056856222      0.849164519497528636E-01 
  -60.7692307692307736      0.876384953423319096E-01 
  -60.4849498327759250      0.907390784156886232E-01 
  -60.2006688963210763      0.941894297913473261E-01 
  -59.9163879598662206      0.979179490473141428E-01 
  -59.6321070234113719      0.101819109221557277     
  -59.3478260869565233      0.105773315105773077     
  -59.0635451505016746      0.109670213889460744     
  -58.7792642140468260      0.113423828474841282     
  -58.4949832775919774      0.116965614384066829     
  -58.2107023411371287      0.120220321965467808     
  -57.9264214046822801      0.123090121471568198     
  -57.6421404682274314      0.125459704380073450     
  -57.3578595317725757      0.127213803968424105     
  -57.0735785953177270      0.128254933040662655     
  -56.7892976588628784      0.128514356036071448     
  -56.5050167224080298      0.127956718366727590     
  -56.2207357859531811      0.126591237364807041     
  -55.9364548494983325      0.124504426986290703     
  -55.6521739130434838      0.121892948938892104     
  -55.3678929765886352      0.119040818883862823     
  -55.0836120401337794      0.116235270205711089     
  -54.7993311036789308      0.113686787057942454     
  -54.5150501672240821      0.111499458895235840     
  -54.2307692307692335      0.109681056056605150     
  -53.9464882943143849      0.108170202665510765     
  -53.6622073578595362      0.106880349813567144     
  -53.3779264214046876      0.105770652730675166     
  -53.0936454849498389      0.104920593964201919     
  -52.8093645484949903      0.104547957106543812     
  -52.5250836120401345      0.104951388234269083     
  -52.2408026755852859      0.106429745070621390     
  -51.9565217391304373      0.109218585340675578     
  -51.6722408026755886      0.113427485171138889     
  -51.3879598662207400      0.118947778488170786     
  -51.1036789297658913      0.125350119222202683     
  -50.8193979933110427      0.131887963262571434     
  -50.5351170568561940      0.137746420430530980     
  -50.2508361204013383      0.142413864115476879     
  -49.9665551839464896      0.145720901317899609     
  -49.6822742474916410      0.147408773335766408     
  -49.3979933110367924      0.146837766282746363     
  -49.1137123745819437      0.143414484037570067     
  -48.8294314381270951      0.137358396800276977     
  -48.5451505016722464      0.129858263632611715     
  -48.2608695652173978      0.122447239264116284     
  -47.9765886287625491      0.116341053774288369     
  -47.6923076923076934      0.112236328868216897     
  -47.4080267558528448      0.110444525162879156     
  -47.1237458193979961      0.111093621979680590     
  -46.8394648829431475      0.114271279395488298     
  -46.5551839464882988      0.120095376224567715     
  -46.2709030100334502      0.128731191782993692     
  -45.9866220735786015      0.140370541950878364     
  -45.7023411371237529      0.155163259859978947     
  -45.4180602006689043      0.173048409574082906     
  -45.1337792642140485      0.193438628760357029     
  -44.8494983277591999      0.214882563250891889     
  -44.5652173913043512      0.235099182322536182     
  -44.2809364548495026      0.251710563344659799     
  -43.9966555183946539      0.263269873770341611     
  -43.7123745819398053      0.269645555311721685     
  -43.4280936454849567      0.271579910155144488     
  -43.1438127090301080      0.270198783427089861     
  -42.8595317725752523      0.266875391214935087     
  -42.5752508361204036      0.262940479772884705     
  -42.2909698996655550      0.258964197537898955     
  -42.0066889632107063      0.254331772451818872     
  -41.7224080267558577      0.247806918123530312     
  -41.4381270903010090      0.238704024875736054     
  -41.1538461538461604      0.227552214462436508     
  -40.8695652173913118      0.215585266744934806     
  -40.5852842809364631      0.203685521894821531     
  -40.3010033444816074      0.191981565130871668     
  -40.0167224080267587      0.180406359916619435     
  -39.7324414715719101      0.169405860662436347     
  -39.4481605351170614      0.159993814524483913     
  -39.1638795986622128      0.153274174806576902     
  -38.8795986622073642      0.150021137993955195     
  -38.5953177257525155      0.150527272388669892     
  -38.3110367892976669      0.154528577614406498     
  -38.0267558528428111      0.161009320927102129     
  -37.7424749163879625      0.167935312982429169     
  -37.4581939799331138      0.172327414277362923     
  -37.1739130434782652      0.171229201602547870     
  -36.8896321070234166      0.163339511859194320     
  -36.6053511705685679      0.149833986583122303     
  -36.3210702341137193      0.133425736160587394     
  -36.0367892976588706      0.116736793193547753     
  -35.7525083612040220      0.101411197004811049     
  -35.4682274247491662      0.881257452122821278E-01 
  -35.1839464882943176      0.769508749101836809E-01 
  -34.8996655518394689      0.676763440593259880E-01 
  -34.6153846153846203      0.600054097806242623E-01 
  -34.3311036789297717      0.536462663725972635E-01 
  -34.0468227424749230      0.483458749624551612E-01 
  -33.7625418060200744      0.438968517415463388E-01 
  -33.4782608695652257      0.401336738775314034E-01 
  -33.1939799331103700      0.369257166294609668E-01 
  -32.9096989966555213      0.341702040284010133E-01 
  -32.6254180602006727      0.317861305017449955E-01 
  -32.3411371237458241      0.297093634521242364E-01 
  -32.0568561872909754      0.278888228885704748E-01 
  -31.7725752508361268      0.262835464823048329E-01 
  -31.4882943143812781      0.248604485649080234E-01 
  -31.2040133779264259      0.235926103812065836E-01 
  -30.9197324414715773      0.224579725893958929E-01 
  -30.6354515050167286      0.214383311035087586E-01 
  -30.3511705685618800      0.205185617212855220E-01 
  -30.0668896321070278      0.196860177674193608E-01 
  -29.7826086956521792      0.189300591342545996E-01 
  -29.4983277591973305      0.182416816351015122E-01 
  -29.2140468227424819      0.176132233840506809E-01 
  -28.9297658862876297      0.170381306840889542E-01 
  -28.6454849498327810      0.165107701777002583E-01 
  -28.3612040133779324      0.160262771888091717E-01 
  -28.0769230769230838      0.155804325539599543E-01 
  -27.7926421404682316      0.151695620172004990E-01 
  -27.5083612040133829      0.147904536025699491E-01 
  -27.2240802675585343      0.144402893935993148E-01 
  -26.9397993311036856      0.141165889235709777E-01 
  -26.6555183946488370      0.138171619741215071E-01 
  -26.3712374581939848      0.135400690377984259E-01 
  -26.0869565217391362      0.132835880554538367E-01 
  -25.8026755852842875      0.130461863164614694E-01 
  -25.5183946488294389      0.128264966270530481E-01 
  -25.2341137123745867      0.126232970233926059E-01 
  -24.9498327759197380      0.124354934417747112E-01 
  -24.6655518394648894      0.122621048664644568E-01 
  -24.3812709030100407      0.121022505622422130E-01 
  -24.0969899665551885      0.119551390683140003E-01 
  -23.8127090301003399      0.118200586864786426E-01 
  -23.5284280936454913      0.116963692420797901E-01 
  -23.2441471571906426      0.115834949334763862E-01 
  -22.9598662207357904      0.114809181162292082E-01 
  -22.6755852842809418      0.113881738932561840E-01 
  -22.3913043478260931      0.113048454029043982E-01 
  -22.1070234113712445      0.112305597140576578E-01 
  -21.8227424749163958      0.111649842517096889E-01 
  -21.5384615384615437      0.111078236884183165E-01 
  -21.2541806020066950      0.110588172471430234E-01 
  -20.9698996655518464      0.110177363695062539E-01 
  -20.6856187290969977      0.109843827107878947E-01 
  -20.4013377926421455      0.109585864291951197E-01 
  -20.1170568561872969      0.109402047423358927E-01 
  -19.8327759197324482      0.109291207285218909E-01 
  -19.5484949832775996      0.109252423546677534E-01 
  -19.2642140468227474      0.109285017162508262E-01 
  -18.9799331103678988      0.109388544781452383E-01 
  -18.6956521739130501      0.109562795082303530E-01 
  -18.4113712374582015      0.109807786985721932E-01 
  -18.1270903010033493      0.110123769717559751E-01 
  -17.8428093645485006      0.110511224726733033E-01 
  -17.5585284280936520      0.110970869488027420E-01 
  -17.2742474916388034      0.111503663248304821E-01 
  -16.9899665551839547      0.112110814804045056E-01 
  -16.7056856187291025      0.112793792429725422E-01 
  -16.4214046822742539      0.113554336110992370E-01 
  -16.1371237458194052      0.114394472274777156E-01 
  -15.8528428093645548      0.115316531251491005E-01 
  -15.5685618729097062      0.116323167753365660E-01 
  -15.2842809364548557      0.117417384709301142E-01 
  -15.0000000000000071      0.118602560861921346E-01 
