  -100.000000000000000      0.119731649883452144E-01 
  -99.7157190635451478      0.114072736030118053E-01 
  -99.4314381270902992      0.109199619850241644E-01 
  -99.1471571906354505      0.105030405942208513E-01 
  -98.8628762541806019      0.101489134131241120E-01 
  -98.5785953177257497      0.985071601724814890E-02 
  -98.2943143812709010      0.960235880881641496E-02 
  -98.0100334448160524      0.939851281626424406E-02 
  -97.7257525083612038      0.923456357640705869E-02 
  -97.4414715719063516      0.910654975668320765E-02 
  -97.1571906354515029      0.901109690987652971E-02 
  -96.8729096989966543      0.894535250851034077E-02 
  -96.5886287625418056      0.890692563431927462E-02 
  -96.3043478260869534      0.889383295251398344E-02 
  -96.0200668896321048      0.890445154467352576E-02 
  -95.7357859531772561      0.893747856878101057E-02 
  -95.4515050167224075      0.899189739631641068E-02 
  -95.1672240802675589      0.906694973526433936E-02 
  -94.8829431438127067      0.916211321326569541E-02 
  -94.5986622073578580      0.927708392175420875E-02 
  -94.3143812709030094      0.941176348200294804E-02 
  -94.0301003344481607      0.956625027124548711E-02 
  -93.7458193979933085      0.974083453237955740E-02 
  -93.4615384615384599      0.993599717936486607E-02 
  -93.1772575250836113      0.101524121995126707E-01 
  -92.8929765886287626      0.103909526417446472E-01 
  -92.6086956521739104      0.106527002659480329E-01 
  -92.3244147157190618      0.109389590130869550E-01 
  -92.0401337792642131      0.112512725391491408E-01 
  -91.7558528428093645      0.115914461376386262E-01 
  -91.4715719063545123      0.119615734524696257E-01 
  -91.1872909698996637      0.123640684502136795E-01 
  -90.9030100334448150      0.128017031680857790E-01 
  -90.6187290969899664      0.132776517662655802E-01 
  -90.3344481605351142      0.137955413663252840E-01 
  -90.0501672240802655      0.143595100196029102E-01 
  -89.7658862876254169      0.149742718949013830E-01 
  -89.4816053511705682      0.156451894584500595E-01 
  -89.1973244147157196      0.163783524076954500E-01 
  -88.9130434782608674      0.171806645257727613E-01 
  -88.6287625418060188      0.180599440711709082E-01 
  -88.3444816053511701      0.190250487537895951E-01 
  -88.0602006688963215      0.200860287019106361E-01 
  -87.7759197324414693      0.212542769656257667E-01 
  -87.4916387959866206      0.225426260284879417E-01 
  -87.2073578595317720      0.239653827839799412E-01 
  -86.9230769230769234      0.255383151611987972E-01 
  -86.6387959866220712      0.272784988810056261E-01 
  -86.3545150501672225      0.292038552904418753E-01 
  -86.0702341137123739      0.313323126759233123E-01 
  -85.7859531772575252      0.336806204013234724E-01 
  -85.5016722408026730      0.362627860996688227E-01 
  -85.2173913043478244      0.390880454669052749E-01 
  -84.9331103678929757      0.421583190024668953E-01 
  -84.6488294314381271      0.454652019747688310E-01 
  -84.3645484949832749      0.489866315961506793E-01 
  -84.0802675585284263      0.526835129340608582E-01 
  -83.7959866220735812      0.564968149661038074E-01 
  -83.5117056856187325      0.603459249496315119E-01 
  -83.2274247491638803      0.641293050893803063E-01 
  -82.9431438127090317      0.677291256099037120E-01 
  -82.6588628762541830      0.710222077336238461E-01 
  -82.3745819397993344      0.738968040008231158E-01 
  -82.0903010033444822      0.762684590512011928E-01 
  -81.8060200668896336      0.780880104127947422E-01 
  -81.5217391304347849      0.793422596031818361E-01 
  -81.2374581939799363      0.800513017663142395E-01 
  -80.9531772575250876      0.802642119719760572E-01 
  -80.6688963210702354      0.800533521232354023E-01 
  -80.3846153846153868      0.795078729709233489E-01 
  -80.1003344481605382      0.787273075751561829E-01 
  -79.8160535117056895      0.778161695972868078E-01 
  -79.5317725752508373      0.768801347321895895E-01 
  -79.2474916387959887      0.760233235701841675E-01 
  -78.9632107023411400      0.753442381017932206E-01 
  -78.6789297658862914      0.749258140064541917E-01 
  -78.3946488294314392      0.748155750473668141E-01 
  -78.1103678929765906      0.749999172412742082E-01 
  -77.8260869565217419      0.753936850851935764E-01 
  -77.5418060200668933      0.758729848204434953E-01 
  -77.2575250836120411      0.763371397923395256E-01 
  -76.9732441471571924      0.767282501757643176E-01 
  -76.6889632107023438      0.769891653129807924E-01 
  -76.4046822742474951      0.770463149125831803E-01 
  -76.1204013377926429      0.768458669507043890E-01 
  -75.8361204013377943      0.763599654411172279E-01 
  -75.5518394648829457      0.755615516661744951E-01 
  -75.2675585284280970      0.744615376013680191E-01 
  -74.9832775919732484      0.731820956070023954E-01 
  -74.6989966555183962      0.719407538830179882E-01 
  -74.4147157190635475      0.709472332142097595E-01 
  -74.1304347826086989      0.703275931712594449E-01 
  -73.8461538461538503      0.701243440479327879E-01 
  -73.5618729096989981      0.703364892544291465E-01 
  -73.2775919732441494      0.709556161611130665E-01 
  -72.9933110367893008      0.719775622470105875E-01 
  -72.7090301003344521      0.733938057174199354E-01 
  -72.4247491638795999      0.751787482108380450E-01 
  -72.1404682274247513      0.772772966870379496E-01 
  -71.8561872909699026      0.796163483669374700E-01 
  -71.5719063545150540      0.821203747419151919E-01 
  -71.2876254180602018      0.846586656400941384E-01 
  -71.0033444816053532      0.871054867985902870E-01 
  -70.7190635451505045      0.893349410855145548E-01 
  -70.4347826086956559      0.912308654902065086E-01 
  -70.1505016722408037      0.927013047595707934E-01 
  -69.8662207357859550      0.936939718054889403E-01 
  -69.5819397993311064      0.942068257736922432E-01 
  -69.2976588628762578      0.942861776787553146E-01 
  -69.0133779264214091      0.940078988654649284E-01 
  -68.7290969899665569      0.934403164256026597E-01 
  -68.4448160535117083      0.926006119451082826E-01 
  -68.1605351170568596      0.914361802644749061E-01 
  -67.8762541806020110      0.898589159411284644E-01 
  -67.5919732441471588      0.878198213565545421E-01 
  -67.3076923076923102      0.853689451386062531E-01 
  -67.0234113712374615      0.826594628804389470E-01 
  -66.7391304347826129      0.799013803221259450E-01 
  -66.4548494983277607      0.772956551945874204E-01 
  -66.1705685618729120      0.749832904967716873E-01 
  -65.8862876254180634      0.730274111297990330E-01 
  -65.6020066889632147      0.714239754117109299E-01 
  -65.3177257525083625      0.701312689003996820E-01 
  -65.0334448160535139      0.691090909364680400E-01 
  -64.7491638795986653      0.683471666706068903E-01 
  -64.4648829431438166      0.678655339221866105E-01 
  -64.1806020066889644      0.676874116193079967E-01 
  -63.8963210702341158      0.678153166929693768E-01 
  -63.6120401337792671      0.682251755784409331E-01 
  -63.3277591973244185      0.688751920284921826E-01 
  -63.0434782608695699      0.697228128235018313E-01 
  -62.7591973244147177      0.707375609108543968E-01 
  -62.4749163879598690      0.719063242613601633E-01 
  -62.1906354515050204      0.732339463572439370E-01 
  -61.9063545150501717      0.747433238357912422E-01 
  -61.6220735785953195      0.764733708584153793E-01 
  -61.3377926421404709      0.784723211805046228E-01 
  -61.0535117056856222      0.807864618283867381E-01 
  -60.7692307692307736      0.834461903593719662E-01 
  -60.4849498327759214      0.864517787650797426E-01 
  -60.2006688963210728      0.897622169858943580E-01 
  -59.9163879598662241      0.932925853322929405E-01 
  -59.6321070234113755      0.969246923991926856E-01 
  -59.3478260869565233      0.100529038180473790     
  -59.0635451505016746      0.103989784769466395     
  -58.7792642140468260      0.107220051621482168     
  -58.4949832775919774      0.110154284644794986     
  -58.2107023411371252      0.112724880764209362     
  -57.9264214046822765      0.114848739015002380     
  -57.6421404682274279      0.116434397607521112     
  -57.3578595317725792      0.117399820626476761     
  -57.0735785953177306      0.117688552117294176     
  -56.7892976588628784      0.117279005041150020     
  -56.5050167224080298      0.116183379436285983     
  -56.2207357859531811      0.114426658475417511     
  -55.9364548494983325      0.112122451533260822     
  -55.6521739130434803      0.109483633439964645     
  -55.3678929765886316      0.106760192492034334     
  -55.0836120401337830      0.104188712132524425     
  -54.7993311036789343      0.101936043223005049     
  -54.5150501672240821      0.100065116006008772     
  -54.2307692307692335      0.985582430477077026E-01 
  -53.9464882943143849      0.973436141386719439E-01 
  -53.6622073578595362      0.963357646725101768E-01 
  -53.3779264214046840      0.954992621435520189E-01 
  -53.0936454849498354      0.949128583790135316E-01 
  -52.8093645484949867      0.947794505708371010E-01 
  -52.5250836120401381      0.953679818556038700E-01 
  -52.2408026755852859      0.969357515309264561E-01 
  -51.9565217391304373      0.996649058809427474E-01 
  -51.6722408026755886      0.103596922222366022     
  -51.3879598662207400      0.108544807807334526     
  -51.1036789297658913      0.114021033174451489     
  -50.8193979933110391      0.119302378107565596     
  -50.5351170568561905      0.123711491840707094     
  -50.2508361204013418      0.126897190178122662     
  -49.9665551839464932      0.128727889863782793     
  -49.6822742474916410      0.128902353522920371     
  -49.3979933110367924      0.126907025944955745     
  -49.1137123745819437      0.122550738899804293     
  -48.8294314381270951      0.116448632700566448     
  -48.5451505016722429      0.109823324312740028     
  -48.2608695652173942      0.103893291933530210     
  -47.9765886287625456      0.994830636541805813E-01 
  -47.6923076923076970      0.970135985509048837E-01 
  -47.4080267558528448      0.966645379032695790E-01 
  -47.1237458193979961      0.985283693966974572E-01 
  -46.8394648829431475      0.102700778496436398     
  -46.5551839464882988      0.109311367758502351     
  -46.2709030100334466      0.118507290678990823     
  -45.9866220735785980      0.130392776237934896     
  -45.7023411371237493      0.144906781975771504     
  -45.4180602006689007      0.161601221217848368     
  -45.1337792642140521      0.179350249674361334     
  -44.8494983277591999      0.196253175449633541     
  -44.5652173913043512      0.210124535667625109     
  -44.2809364548495026      0.219470124128332444     
  -43.9966555183946539      0.224071864390651271     
  -43.7123745819398017      0.224639212820040179     
  -43.4280936454849531      0.222157424765850764     
  -43.1438127090301045      0.217661790720685241     
  -42.8595317725752558      0.212252205213651748     
  -42.5752508361204036      0.206790715612159517     
  -42.2909698996655550      0.201388962402859972     
  -42.0066889632107063      0.195374052605581938     
  -41.7224080267558577      0.187961836411143682     
  -41.4381270903010055      0.179025351718472198     
  -41.1538461538461569      0.169219732446623569     
  -40.8695652173913082      0.159411792252787052     
  -40.5852842809364596      0.150059831762160076     
  -40.3010033444816074      0.141159527051517089     
  -40.0167224080267587      0.132704304787759270     
  -39.7324414715719101      0.125075474309756796     
  -39.4481605351170614      0.118974368358093816     
  -39.1638795986622128      0.115089331290165117     
  -38.8795986622073606      0.113847376505775227     
  -38.5953177257525120      0.115310256020516949     
  -38.3110367892976633      0.119052667868687817     
  -38.0267558528428147      0.123819538157312697     
  -37.7424749163879625      0.127777927122867702     
  -37.4581939799331138      0.129260054755233875     
  -37.1739130434782652      0.126123162682348217     
  -36.8896321070234166      0.118418781475726584     
  -36.6053511705685644      0.107262164544843677     
  -36.3210702341137157      0.947638405980962967E-01 
  -36.0367892976588671      0.826086151393183310E-01 
  -35.7525083612040184      0.720281583006816412E-01 
  -35.4682274247491662      0.630946287443083509E-01 
  -35.1839464882943176      0.555988834901049878E-01 
  -34.8996655518394689      0.492520997521318019E-01 
  -34.6153846153846203      0.440303180308844197E-01 
  -34.3311036789297681      0.395292058629869159E-01 
  -34.0468227424749195      0.357920713638094062E-01 
  -33.7625418060200708      0.327927772045341652E-01 
  -33.4782608695652222      0.303274810149088345E-01 
  -33.1939799331103735      0.278335961863823856E-01 
  -32.9096989966555213      0.256874174064825149E-01 
  -32.6254180602006727      0.239482898171668492E-01 
  -32.3411371237458241      0.224714593714750470E-01 
  -32.0568561872909754      0.212064909610584452E-01 
  -31.7725752508361232      0.201317458432329890E-01 
  -31.4882943143812746      0.192567607178244886E-01 
  -31.2040133779264259      0.185928535220229530E-01 
  -30.9197324414715773      0.177299361895290209E-01 
  -30.6354515050167251      0.170469795234883632E-01 
  -30.3511705685618765      0.165075455045654009E-01 
  -30.0668896321070278      0.160178822996128959E-01 
  -29.7826086956521792      0.155291724421712267E-01 
  -29.4983277591973270      0.150174724753776179E-01 
  -29.2140468227424783      0.144867134894083229E-01 
  -28.9297658862876297      0.139586964748385778E-01 
  -28.6454849498327810      0.134559017373822934E-01 
  -28.3612040133779288      0.129917340621764207E-01 
  -28.0769230769230802      0.125725104583216197E-01 
  -27.7926421404682316      0.122090067350782185E-01 
  -27.5083612040133829      0.119390036514673585E-01 
  -27.2240802675585307      0.117320077643023098E-01 
  -26.9397993311036821      0.114988849175491009E-01 
  -26.6555183946488334      0.111216634269248552E-01 
  -26.3712374581939848      0.105591579208665510E-01 
  -26.0869565217391362      0.102235402916524233E-01 
  -25.8026755852842840      0.998293047635589494E-02 
  -25.5183946488294353      0.978968605143125045E-02 
  -25.2341137123745867      0.965817314832081129E-02 
  -24.9498327759197380      0.951312005395309971E-02 
  -24.6655518394648858      0.926359373096527234E-02 
  -24.3812709030100372      0.909129583530312018E-02 
  -24.0969899665551885      0.894914872777025604E-02 
  -23.8127090301003399      0.882226015621253006E-02 
  -23.5284280936454877      0.870661628695525592E-02 
  -23.2441471571906391      0.860055812818869350E-02 
  -22.9598662207357904      0.850312522366050098E-02 
  -22.6755852842809418      0.841363639118109397E-02 
  -22.3913043478260896      0.833155389841506566E-02 
  -22.1070234113712409      0.825642935227799673E-02 
  -21.8227424749163923      0.818787794083747009E-02 
  -21.5384615384615437      0.812556416330960807E-02 
  -21.2541806020066915      0.806919289205112241E-02 
  -20.9698996655518428      0.801850322810787001E-02 
  -20.6856187290969942      0.797326398520298123E-02 
  -20.4013377926421455      0.793327021324151654E-02 
  -20.1170568561872969      0.789834043660039495E-02 
  -19.8327759197324447      0.786831441379400726E-02 
  -19.5484949832775960      0.784305129542169424E-02 
  -19.2642140468227474      0.782242809762301490E-02 
  -18.9799331103678988      0.780633843287770017E-02 
  -18.6956521739130466      0.779469145587839696E-02 
  -18.4113712374581979      0.778741099299131486E-02 
  -18.1270903010033493      0.778443483147319999E-02 
  -17.8428093645485006      0.778571415026117677E-02 
  -17.5585284280936484      0.779121307847221566E-02 
  -17.2742474916387998      0.780090837116602896E-02 
  -16.9899665551839512      0.781478919471711563E-02 
  -16.7056856187291025      0.783285701649825798E-02 
  -16.4214046822742503      0.785512559563406737E-02 
  -16.1371237458194017      0.788162107343939097E-02 
  -15.8528428093645530      0.791238216389203095E-02 
  -15.5685618729097044      0.794746044616626100E-02 
  -15.2842809364548522      0.798692076292907213E-02 
  -15.0000000000000036      0.803084172982590234E-02 
