  -100.000000000000000      0.281943594338739563E-01 
  -99.7157190635451478      0.253057965847670284E-01 
  -99.4314381270902992      0.218843031259205586E-01 
  -99.1471571906354505      0.272671676687248109E-01 
  -98.8628762541806019      0.374278065100348920E-01 
  -98.5785953177257497      0.248738668377900818E-01 
  -98.2943143812709010      0.206755341086782120E-01 
  -98.0100334448160524      0.236461330663744274E-01 
  -97.7257525083612038      0.227680640969850027E-01 
  -97.4414715719063516      0.204375906363984065E-01 
  -97.1571906354515029      0.201282194635696811E-01 
  -96.8729096989966543      0.195715284906237026E-01 
  -96.5886287625418056      0.192711077666784768E-01 
  -96.3043478260869534      0.187334090175731187E-01 
  -96.0200668896321048      0.204639340078775550E-01 
  -95.7357859531772561      0.221259307238790091E-01 
  -95.4515050167224075      0.222660665766496041E-01 
  -95.1672240802675589      0.199246741345151003E-01 
  -94.8829431438127067      0.183481554940808948E-01 
  -94.5986622073578580      0.212474449474434387E-01 
  -94.3143812709030094      0.234465670595077726E-01 
  -94.0301003344481607      0.249611449438563579E-01 
  -93.7458193979933085      0.254058706748517922E-01 
  -93.4615384615384599      0.255009448835230006E-01 
  -93.1772575250836113      0.233216580748155742E-01 
  -92.8929765886287626      0.209793854304397990E-01 
  -92.6086956521739104      0.184430821853851833E-01 
  -92.3244147157190618      0.189173730689017492E-01 
  -92.0401337792642131      0.204881439189593681E-01 
  -91.7558528428093645      0.235968589995913950E-01 
  -91.4715719063545123      0.251549920869235137E-01 
  -91.1872909698996637      0.229583545422452368E-01 
  -90.9030100334448150      0.263598530253853396E-01 
  -90.6187290969899664      0.303440989115552054E-01 
  -90.3344481605351142      0.392318589768268786E-01 
  -90.0501672240802655      0.332908878626918345E-01 
  -89.7658862876254169      0.269892818935203761E-01 
  -89.4816053511705682      0.289474563063922110E-01 
  -89.1973244147157196      0.344364241346995286E-01 
  -88.9130434782608674      0.452788606879194738E-01 
  -88.6287625418060188      0.486096393942030761E-01 
  -88.3444816053511701      0.385423056942712072E-01 
  -88.0602006688963215      0.377882385601463130E-01 
  -87.7759197324414693      0.506242889012477352E-01 
  -87.4916387959866206      0.464943138918579605E-01 
  -87.2073578595317720      0.456806523408546912E-01 
  -86.9230769230769234      0.349135564395900285E-01 
  -86.6387959866220712      0.350032085410443327E-01 
  -86.3545150501672225      0.419661010804507776E-01 
  -86.0702341137123739      0.520268653767368468E-01 
  -85.7859531772575252      0.543722191285145066E-01 
  -85.5016722408026730      0.420328823958237095E-01 
  -85.2173913043478244      0.361228609203702190E-01 
  -84.9331103678929757      0.346733113036165243E-01 
  -84.6488294314381271      0.388021097524519501E-01 
  -84.3645484949832749      0.442908181707019960E-01 
  -84.0802675585284263      0.422015631331748905E-01 
  -83.7959866220735812      0.497510740811202617E-01 
  -83.5117056856187325      0.441863530044877802E-01 
  -83.2274247491638803      0.425504423804642859E-01 
  -82.9431438127090317      0.463941409934859068E-01 
  -82.6588628762541830      0.539270414533422832E-01 
  -82.3745819397993344      0.632429342248342768E-01 
  -82.0903010033444822      0.112739736259594894     
  -81.8060200668896336      0.109855688355813719     
  -81.5217391304347849      0.732201588181593810E-01 
  -81.2374581939799363      0.529534758798293993E-01 
  -80.9531772575250876      0.479191950864885407E-01 
  -80.6688963210702354      0.575496047059386017E-01 
  -80.3846153846153868      0.649138750129587133E-01 
  -80.1003344481605382      0.831061118138097243E-01 
  -79.8160535117056895      0.123435701140298781     
  -79.5317725752508373      0.954037574913611519E-01 
  -79.2474916387959887      0.642130358462057044E-01 
  -78.9632107023411400      0.518016434207366847E-01 
  -78.6789297658862914      0.511524993799000365E-01 
  -78.3946488294314392      0.575289996775359500E-01 
  -78.1103678929765906      0.489156161570230043E-01 
  -77.8260869565217419      0.448706202417633931E-01 
  -77.5418060200668933      0.474969611139679686E-01 
  -77.2575250836120411      0.502173877609803790E-01 
  -76.9732441471571924      0.497397491619276074E-01 
  -76.6889632107023438      0.661993548126139780E-01 
  -76.4046822742474951      0.117048413223580450     
  -76.1204013377926429      0.933945040169102958E-01 
  -75.8361204013377943      0.797021272144577270E-01 
  -75.5518394648829457      0.710768018510344046E-01 
  -75.2675585284280970      0.679981734146320044E-01 
  -74.9832775919732484      0.529061375393282563E-01 
  -74.6989966555183962      0.458511280479192368E-01 
  -74.4147157190635475      0.517945383025417566E-01 
  -74.1304347826086989      0.592666676832029823E-01 
  -73.8461538461538503      0.646894128133523733E-01 
  -73.5618729096989981      0.694391821001741627E-01 
  -73.2775919732441494      0.662264489838731013E-01 
  -72.9933110367893008      0.687305617993459184E-01 
  -72.7090301003344521      0.682381926913702558E-01 
  -72.4247491638795999      0.626276962453968938E-01 
  -72.1404682274247513      0.552341536014546112E-01 
  -71.8561872909699026      0.535237799885137132E-01 
  -71.5719063545150540      0.650061115035441145E-01 
  -71.2876254180602018      0.103772912696484337     
  -71.0033444816053532      0.145147763540007885     
  -70.7190635451505045      0.781183546250039662E-01 
  -70.4347826086956559      0.541156994504403245E-01 
  -70.1505016722408037      0.572426236051996971E-01 
  -69.8662207357859550      0.680225163176843561E-01 
  -69.5819397993311064      0.666822278427120080E-01 
  -69.2976588628762578      0.630773224086623174E-01 
  -69.0133779264214091      0.551019336003751772E-01 
  -68.7290969899665569      0.600265102822760306E-01 
  -68.4448160535117083      0.551632704196646237E-01 
  -68.1605351170568596      0.595834245728728285E-01 
  -67.8762541806020110      0.681848796650195849E-01 
  -67.5919732441471588      0.584147892810245881E-01 
  -67.3076923076923102      0.575768127184951043E-01 
  -67.0234113712374615      0.617744324860724850E-01 
  -66.7391304347826129      0.624256443334350094E-01 
  -66.4548494983277607      0.548532005331806068E-01 
  -66.1705685618729120      0.618708581254084908E-01 
  -65.8862876254180634      0.610358108955209137E-01 
  -65.6020066889632147      0.988018801637069177E-01 
  -65.3177257525083625      0.954752335075380737E-01 
  -65.0334448160535139      0.648977967600105760E-01 
  -64.7491638795986653      0.549537831880704620E-01 
  -64.4648829431438166      0.662512205424326817E-01 
  -64.1806020066889644      0.854584098079885918E-01 
  -63.8963210702341158      0.639048326399150046E-01 
  -63.6120401337792671      0.723587816728200051E-01 
  -63.3277591973244185      0.102345580783030160     
  -63.0434782608695699      0.691166699379507504E-01 
  -62.7591973244147177      0.637993743872494606E-01 
  -62.4749163879598690      0.587680479869521141E-01 
  -62.1906354515050204      0.700608206154200441E-01 
  -61.9063545150501717      0.712164393481466290E-01 
  -61.6220735785953195      0.911234413024644835E-01 
  -61.3377926421404709      0.136434614317285985     
  -61.0535117056856222      0.124053880898866722     
  -60.7692307692307736      0.118597917732527106     
  -60.4849498327759214      0.110335899441525997     
  -60.2006688963210728      0.166809930054722722     
  -59.9163879598662241      0.164438457679210615     
  -59.6321070234113755      0.133027372412930500     
  -59.3478260869565233      0.155544931818018026     
  -59.0635451505016746      0.113660134723098646     
  -58.7792642140468260      0.976353718790412828E-01 
  -58.4949832775919774      0.962580127380947559E-01 
  -58.2107023411371252      0.105753148848843473     
  -57.9264214046822765      0.113774118502400184     
  -57.6421404682274279      0.117727203177104681     
  -57.3578595317725792      0.834930267658973296E-01 
  -57.0735785953177306      0.753397445132290011E-01 
  -56.7892976588628784      0.838093030639325276E-01 
  -56.5050167224080298      0.938712579949797232E-01 
  -56.2207357859531811      0.109879806645844166     
  -55.9364548494983325      0.102185821426553747     
  -55.6521739130434803      0.115416272995212399     
  -55.3678929765886316      0.113907089302165490     
  -55.0836120401337830      0.909439748541924636E-01 
  -54.7993311036789343      0.798087414228241393E-01 
  -54.5150501672240821      0.738073950799917750E-01 
  -54.2307692307692335      0.782471523728732882E-01 
  -53.9464882943143849      0.783711913844072627E-01 
  -53.6622073578595362      0.919701173654932647E-01 
  -53.3779264214046840      0.122880419183170636     
  -53.0936454849498354      0.130965833572529680     
  -52.8093645484949867      0.133197270899700307     
  -52.5250836120401381      0.953520654416186719E-01 
  -52.2408026755852859      0.717101129910710094E-01 
  -51.9565217391304373      0.614151579172739614E-01 
  -51.6722408026755886      0.773171829058066640E-01 
  -51.3879598662207400      0.105732059667732275     
  -51.1036789297658913      0.833046029024322454E-01 
  -50.8193979933110391      0.740436223649395819E-01 
  -50.5351170568561905      0.945123928049683287E-01 
  -50.2508361204013418      0.115311631829932912     
  -49.9665551839464932      0.180648261384843731     
  -49.6822742474916410      0.123915917545062079     
  -49.3979933110367924      0.132939730175600124     
  -49.1137123745819437      0.963808057788814732E-01 
  -48.8294314381270951      0.786016062528307469E-01 
  -48.5451505016722429      0.603958763139855791E-01 
  -48.2608695652173942      0.681250526421681990E-01 
  -47.9765886287625456      0.499727389301169150E-01 
  -47.6923076923076970      0.408226665979414937E-01 
  -47.4080267558528448      0.411728300115935331E-01 
  -47.1237458193979961      0.480030614819036208E-01 
  -46.8394648829431475      0.529458405742170854E-01 
  -46.5551839464882988      0.659506078080596553E-01 
  -46.2709030100334466      0.749606645538748034E-01 
  -45.9866220735785980      0.102921149923331637     
  -45.7023411371237493      0.552494766487304665E-01 
  -45.4180602006689007      0.324938828765695470E-01 
  -45.1337792642140521      0.288791140643513550E-01 
  -44.8494983277591999      0.227081059535370212E-01 
  -44.5652173913043512      0.244087708203486282E-01 
  -44.2809364548495026      0.247791078013833051E-01 
  -43.9966555183946539      0.281729235081551897E-01 
  -43.7123745819398017      0.290551070484004947E-01 
  -43.4280936454849531      0.270567364073066871E-01 
  -43.1438127090301045      0.267267938683599139E-01 
  -42.8595317725752558      0.347306722224559545E-01 
  -42.5752508361204036      0.471082030094261807E-01 
  -42.2909698996655550      0.723525669992391846E-01 
  -42.0066889632107063      0.933585515289201140E-01 
  -41.7224080267558577      0.477858547969110875E-01 
  -41.4381270903010055      0.315009698253162738E-01 
  -41.1538461538461569      0.255740438190605168E-01 
  -40.8695652173913082      0.297893548044380089E-01 
  -40.5852842809364596      0.361990422739006407E-01 
  -40.3010033444816074      0.543536938395917154E-01 
  -40.0167224080267587      0.822912570443014857E-01 
  -39.7324414715719101      0.664415729991614801E-01 
  -39.4481605351170614      0.452813335240769121E-01 
  -39.1638795986622128      0.356993326255828506E-01 
  -38.8795986622073606      0.324288727382696590E-01 
  -38.5953177257525120      0.390298049789327391E-01 
  -38.3110367892976633      0.520217410767330564E-01 
  -38.0267558528428147      0.495587441942595668E-01 
  -37.7424749163879625      0.505218242344905467E-01 
  -37.4581939799331138      0.368287562679184954E-01 
  -37.1739130434782652      0.377608276846426996E-01 
  -36.8896321070234166      0.321555889099846386E-01 
  -36.6053511705685644      0.352176830721796985E-01 
  -36.3210702341137157      0.566885653054334604E-01 
  -36.0367892976588671      0.854874444509661213E-01 
  -35.7525083612040184      0.675692963403784069E-01 
  -35.4682274247491662      0.687011949542508382E-01 
  -35.1839464882943176      0.788618401724094087E-01 
  -34.8996655518394689      0.846482072535841429E-01 
  -34.6153846153846203      0.112170188237831689     
  -34.3311036789297681      0.946127903129283243E-01 
  -34.0468227424749195      0.667817725649366561E-01 
  -33.7625418060200708      0.876674684168925328E-01 
  -33.4782608695652222      0.100864055692348173     
  -33.1939799331103735      0.198765366666861232     
  -32.9096989966555213      0.230221470912126830     
  -32.6254180602006727      0.109739994444719102     
  -32.3411371237458241      0.760017364798676737E-01 
  -32.0568561872909754      0.762300304634761922E-01 
  -31.7725752508361232      0.779456209810166917E-01 
  -31.4882943143812746      0.751434249575512886E-01 
  -31.2040133779264259      0.139491446009880574     
  -30.9197324414715773      0.200844471445157449     
  -30.6354515050167251      0.190172178893895996     
  -30.3511705685618765      0.978121631892146237E-01 
  -30.0668896321070278      0.599895311245201750E-01 
  -29.7826086956521792      0.665429944136267659E-01 
  -29.4983277591973270      0.790206225455442890E-01 
  -29.2140468227424783      0.547007124099779954E-01 
  -28.9297658862876297      0.486088605509544854E-01 
  -28.6454849498327810      0.752437333907712697E-01 
  -28.3612040133779288      0.104857028103946037     
  -28.0769230769230802      0.930854310847620270E-01 
  -27.7926421404682316      0.164023482848716165     
  -27.5083612040133829      0.209277953057789720     
  -27.2240802675585307      0.122963031646576668     
  -26.9397993311036821      0.911176144801088966E-01 
  -26.6555183946488334      0.103354406277436500     
  -26.3712374581939848      0.832781181473825904E-01 
  -26.0869565217391362      0.471272446831510466E-01 
  -25.8026755852842840      0.453560685845427903E-01 
  -25.5183946488294353      0.339713748472002652E-01 
  -25.2341137123745867      0.226200754498824090E-01 
  -24.9498327759197380      0.200061160884531129E-01 
  -24.6655518394648858      0.260618783396389473E-01 
  -24.3812709030100372      0.272543700911056924E-01 
  -24.0969899665551885      0.272189238831476808E-01 
  -23.8127090301003399      0.482356445449179270E-01 
  -23.5284280936454877      0.745377902519940988E-01 
  -23.2441471571906391      0.636430837045618980E-01 
  -22.9598662207357904      0.536578327674632439E-01 
  -22.6755852842809418      0.996115324544103176E-01 
  -22.3913043478260896      0.140449951693295952     
  -22.1070234113712409      0.929585105437903403E-01 
  -21.8227424749163923      0.848100312300744258E-01 
  -21.5384615384615437      0.787126038413403367E-01 
  -21.2541806020066915      0.629842794382539928E-01 
  -20.9698996655518428      0.752313500428189730E-01 
  -20.6856187290969942      0.561048774749249596E-01 
  -20.4013377926421455      0.727134870589509069E-01 
  -20.1170568561872969      0.928394993769267735E-01 
  -19.8327759197324447      0.440171116415869479E-01 
  -19.5484949832775960      0.210238979612996594E-01 
  -19.2642140468227474      0.130982162331091242E-01 
  -18.9799331103678988      0.952243542763435077E-02 
  -18.6956521739130466      0.762250624421750497E-02 
  -18.4113712374581979      0.647585790621003909E-02 
  -18.1270903010033493      0.572108481694888135E-02 
  -17.8428093645485006      0.519965586877829938E-02 
  -17.5585284280936484      0.482641754246433078E-02 
  -17.2742474916387998      0.455703001333104298E-02 
  -16.9899665551839512      0.435759444938703822E-02 
  -16.7056856187291025      0.420838310510927502E-02 
  -16.4214046822742503      0.409694431454838033E-02 
  -16.1371237458194017      0.401488844273056693E-02 
  -15.8528428093645530      0.395634185598537583E-02 
  -15.5685618729097044      0.391707989053547562E-02 
  -15.2842809364548522      0.389400155802098507E-02 
  -15.0000000000000036      0.388479575957304972E-02 
