  -55.0000000000000000      0.102687179323132066     
  -54.7315436241610733      0.100643169550376027     
  -54.4630872483221466      0.989589033236902282E-01 
  -54.1946308724832200      0.976049627359342198E-01 
  -53.9261744966442933      0.965148742238576690E-01 
  -53.6577181208053666      0.956162024015265871E-01 
  -53.3892617449664399      0.948799388553032697E-01 
  -53.1208053691275168      0.943703100180667415E-01 
  -52.8523489932885902      0.942541585369985890E-01 
  -52.5838926174496635      0.947593525810276199E-01 
  -52.3154362416107368      0.961145978091234032E-01 
  -52.0469798657718101      0.984958882033005606E-01 
  -51.7785234899328835      0.101974111709255036     
  -51.5100671140939568      0.106452123688576511     
  -51.2416107382550337      0.111598255104570318     
  -50.9731543624161070      0.116834872996033276     
  -50.7046979865771803      0.121481343927291041     
  -50.4362416107382536      0.125029569852251568     
  -50.1677852348993270      0.127270016432027219     
  -50.0000000000000000      0.127997638335826142     
  -50.0000000000000000      0.127997638335826142     
  -49.8993288590604003      0.128064886833270372     
  -49.6428571428571459      0.127225723839381660     
  -49.4444444444444429      0.125232541033036909     
  -49.2857142857142847      0.122799847853855476     
  -48.9285714285714306      0.115231347036051063     
  -48.8888888888888857      0.114283521712575747     
  -48.5714285714285694      0.106707299035891615     
  -48.3333333333333357      0.101676869984255777     
  -47.7777777777777786      0.945304493829773607E-01 
  -47.2222222222222214      0.952167240381217306E-01 
  -46.6666666666666643      0.104496990291862116     
  -46.1111111111111143      0.123415313468950447     
  -45.5555555555555571      0.152335424961498295     
  -45.0000000000000000      0.186610554117663169     
  -45.0000000000000000      0.186612267068175644     
  -44.4736842105263150      0.211765412569637726     
  -43.9473684210526301      0.221313443829921283     
  -43.4210526315789451      0.218179455030683478     
  -42.8947368421052602      0.208924311790300340     
  -42.3684210526315788      0.198690419352864078     
  -41.8421052631578938      0.185752717621975108     
  -41.3157894736842088      0.167356731928678448     
  -40.7894736842105239      0.148361133433392647     
  -40.2631578947368389      0.132164951155022858     
  -39.7368421052631575      0.118615552465896654     
  -39.2105263157894726      0.110343326525242896     
  -38.6842105263157876      0.110343088347660573     
  -38.1578947368421026      0.117335122339479458     
  -37.6315789473684212      0.121789265328412194     
  -37.1052631578947363      0.116297505930239797     
  -36.5789473684210513      0.977021385508346357E-01 
  -36.0526315789473664      0.760799393265703533E-01 
  -35.5263157894736814      0.591700518877231983E-01 
  -35.0000000000000000      0.468313747445862159E-01 
