  -100.000000000000000      0.291627158088107949E-01 
  -99.7157190635451478      0.261639746910325962E-01 
  -99.4314381270902992      0.225980398050739427E-01 
  -99.1471571906354505      0.278415707247948912E-01 
  -98.8628762541806019      0.389908694729233160E-01 
  -98.5785953177257497      0.260611762486458202E-01 
  -98.2943143812709010      0.214217913431486908E-01 
  -98.0100334448160524      0.244238170520846435E-01 
  -97.7257525083612038      0.235542603959965286E-01 
  -97.4414715719063516      0.211423552623479904E-01 
  -97.1571906354515029      0.207810594541187653E-01 
  -96.8729096989966543      0.202252992516719068E-01 
  -96.5886287625418056      0.199196580229351137E-01 
  -96.3043478260869534      0.192580295582561005E-01 
  -96.0200668896321048      0.210420153165392270E-01 
  -95.7357859531772561      0.227409589428559161E-01 
  -95.4515050167224075      0.229317877126824932E-01 
  -95.1672240802675589      0.205922843353418539E-01 
  -94.8829431438127067      0.188714137737292448E-01 
  -94.5986622073578580      0.217469690376333536E-01 
  -94.3143812709030094      0.239864782063234725E-01 
  -94.0301003344481607      0.255780992095699083E-01 
  -93.7458193979933085      0.260319780981895805E-01 
  -93.4615384615384599      0.262692541784200545E-01 
  -93.1772575250836113      0.241027357378657834E-01 
  -92.8929765886287626      0.216407142452969244E-01 
  -92.6086956521739104      0.189063896374058365E-01 
  -92.3244147157190618      0.193220090752095879E-01 
  -92.0401337792642131      0.208112869491360371E-01 
  -91.7558528428093645      0.239220483928706340E-01 
  -91.4715719063545123      0.255611428214655972E-01 
  -91.1872909698996637      0.232593106039126222E-01 
  -90.9030100334448150      0.265140273373017515E-01 
  -90.6187290969899664      0.304164288726022506E-01 
  -90.3344481605351142      0.396342543408518292E-01 
  -90.0501672240802655      0.343979007226694463E-01 
  -89.7658862876254169      0.276201334710695183E-01 
  -89.4816053511705682      0.292559525677729797E-01 
  -89.1973244147157196      0.346822499317344917E-01 
  -88.9130434782608674      0.454854583585976233E-01 
  -88.6287625418060188      0.500949912215774267E-01 
  -88.3444816053511701      0.401770880060556513E-01 
  -88.0602006688963215      0.382470696083755208E-01 
  -87.7759197324414693      0.514326692087810847E-01 
  -87.4916387959866206      0.482839438414529405E-01 
  -87.2073578595317720      0.475278775330543980E-01 
  -86.9230769230769234      0.366836349589027104E-01 
  -86.6387959866220712      0.362280421045705226E-01 
  -86.3545150501672225      0.430774210377927501E-01 
  -86.0702341137123739      0.534606500236456863E-01 
  -85.7859531772575252      0.582294264956370782E-01 
  -85.5016722408026730      0.444247965029759724E-01 
  -85.2173913043478244      0.377369916339180085E-01 
  -84.9331103678929757      0.357452443490204391E-01 
  -84.6488294314381271      0.395998890576747774E-01 
  -84.3645484949832749      0.455121175841587339E-01 
  -84.0802675585284263      0.431756914490064939E-01 
  -83.7959866220735812      0.511024795804779974E-01 
  -83.5117056856187325      0.456294232165025708E-01 
  -83.2274247491638803      0.433430496264672642E-01 
  -82.9431438127090317      0.465362216093438289E-01 
  -82.6588628762541830      0.533597176995345944E-01 
  -82.3745819397993344      0.611497401256346010E-01 
  -82.0903010033444822      0.110442024996271898     
  -81.8060200668896336      0.118382692943657622     
  -81.5217391304347849      0.792725916104161377E-01 
  -81.2374581939799363      0.563565595818362984E-01 
  -80.9531772575250876      0.498814716614220267E-01 
  -80.6688963210702354      0.589557090463946843E-01 
  -80.3846153846153868      0.660904328998736107E-01 
  -80.1003344481605382      0.832681412388994180E-01 
  -79.8160535117056895      0.128925707798207334     
  -79.5317725752508373      0.107775148836485313     
  -79.2474916387959887      0.705865176474889250E-01 
  -78.9632107023411400      0.557215617720281265E-01 
  -78.6789297658862914      0.542817032285349442E-01 
  -78.3946488294314392      0.607916399978014254E-01 
  -78.1103678929765906      0.518961943471962029E-01 
  -77.8260869565217419      0.474518908000688472E-01 
  -77.5418060200668933      0.500245474301242131E-01 
  -77.2575250836120411      0.525824280276163767E-01 
  -76.9732441471571924      0.513668486108834190E-01 
  -76.6889632107023438      0.664724686263232084E-01 
  -76.4046822742474951      0.119138134921694533     
  -76.1204013377926429      0.100658761045756329     
  -75.8361204013377943      0.857706593190128708E-01 
  -75.5518394648829457      0.783485926446349928E-01 
  -75.2675585284280970      0.736715897302819001E-01 
  -74.9832775919732484      0.569145597881239966E-01 
  -74.6989966555183962      0.486090470966984945E-01 
  -74.4147157190635475      0.543305664845304325E-01 
  -74.1304347826086989      0.621171843553327361E-01 
  -73.8461538461538503      0.678517548963017275E-01 
  -73.5618729096989981      0.728032996540967370E-01 
  -73.2775919732441494      0.695132798987830453E-01 
  -72.9933110367893008      0.718136152962414870E-01 
  -72.7090301003344521      0.718466188876188128E-01 
  -72.4247491638795999      0.661010666604896491E-01 
  -72.1404682274247513      0.581698751615686233E-01 
  -71.8561872909699026      0.553635450874036634E-01 
  -71.5719063545150540      0.657124193437243348E-01 
  -71.2876254180602018      0.102482707020103467     
  -71.0033444816053532      0.157534597633742987     
  -70.7190635451505045      0.884790510387083590E-01 
  -70.4347826086956559      0.592708007501239848E-01 
  -70.1505016722408037      0.616156127018605828E-01 
  -69.8662207357859550      0.727964024968826146E-01 
  -69.5819397993311064      0.725050127478061024E-01 
  -69.2976588628762578      0.684084060725669157E-01 
  -69.0133779264214091      0.593347815288678502E-01 
  -68.7290969899665569      0.646134934359908625E-01 
  -68.4448160535117083      0.599621939162118291E-01 
  -68.1605351170568596      0.638902615226050602E-01 
  -67.8762541806020110      0.738598240038037118E-01 
  -67.5919732441471588      0.632385322944954698E-01 
  -67.3076923076923102      0.614370190816646098E-01 
  -67.0234113712374615      0.655391178375606537E-01 
  -66.7391304347826129      0.670038178904026477E-01 
  -66.4548494983277607      0.584346704724719255E-01 
  -66.1705685618729120      0.657091579484399002E-01 
  -65.8862876254180634      0.640653588554742914E-01 
  -65.6020066889632147      0.103513243581072320     
  -65.3177257525083625      0.108172801876175881     
  -65.0334448160535139      0.715950810682753763E-01 
  -64.7491638795986653      0.586688236873648310E-01 
  -64.4648829431438166      0.683195210044278273E-01 
  -64.1806020066889644      0.925000102932551638E-01 
  -63.8963210702341158      0.688726475039935504E-01 
  -63.6120401337792671      0.756603140575043964E-01 
  -63.3277591973244185      0.111302749592068526     
  -63.0434782608695699      0.761753721587392352E-01 
  -62.7591973244147177      0.688829697925968376E-01 
  -62.4749163879598690      0.623003172025510229E-01 
  -62.1906354515050204      0.731171444220690969E-01 
  -61.9063545150501717      0.739583840397587955E-01 
  -61.6220735785953195      0.916275685576616594E-01 
  -61.3377926421404709      0.142197792516187652     
  -61.0535117056856222      0.131941711222801780     
  -60.7692307692307736      0.130543480560572495     
  -60.4849498327759214      0.116770141702497443     
  -60.2006688963210728      0.173056127258497533     
  -59.9163879598662241      0.184248077321835971     
  -59.6321070234113755      0.146536041359817751     
  -59.3478260869565233      0.176791627114456160     
  -59.0635451505016746      0.135778316573451519     
  -58.7792642140468260      0.111833640713641894     
  -58.4949832775919774      0.106776066563799621     
  -58.2107023411371252      0.117181574875846989     
  -57.9264214046822765      0.127901115492460263     
  -57.6421404682274279      0.138210911984576232     
  -57.3578595317725792      0.981302184583765780E-01 
  -57.0735785953177306      0.857626267840863182E-01 
  -56.7892976588628784      0.947194117612201736E-01 
  -56.5050167224080298      0.105159848699315786     
  -56.2207357859531811      0.125028691680032222     
  -55.9364548494983325      0.116496218512581531     
  -55.6521739130434803      0.131747970021540567     
  -55.3678929765886316      0.137140405339583812     
  -55.0836120401337830      0.109890212794832604     
  -54.7993311036789343      0.938556630282802867E-01 
  -54.5150501672240821      0.852552645571470619E-01 
  -54.2307692307692335      0.892251959780405030E-01 
  -53.9464882943143849      0.889783581220510850E-01 
  -53.6622073578595362      0.102322870844480010     
  -53.3779264214046840      0.137825884902699425     
  -53.0936454849498354      0.145697844974005036     
  -52.8093645484949867      0.156487660036182252     
  -52.5250836120401381      0.116711593709043451     
  -52.2408026755852859      0.855855788278622326E-01 
  -51.9565217391304373      0.716857240579589772E-01 
  -51.6722408026755886      0.882624356050883130E-01 
  -51.3879598662207400      0.123174496846380918     
  -51.1036789297658913      0.101202615730597648     
  -50.8193979933110391      0.856879130938650729E-01 
  -50.5351170568561905      0.106990673375641124     
  -50.2508361204013418      0.126464001373129298     
  -49.9665551839464932      0.210146340056290432     
  -49.6822742474916410      0.152938102138066787     
  -49.3979933110367924      0.168418705261739118     
  -49.1137123745819437      0.123654909023652546     
  -48.8294314381270951      0.989835867029611322E-01 
  -48.5451505016722429      0.753361910944303215E-01 
  -48.2608695652173942      0.864298279865348823E-01 
  -47.9765886287625456      0.646661747645494028E-01 
  -47.6923076923076970      0.504954877089252192E-01 
  -47.4080267558528448      0.493697097186046952E-01 
  -47.1237458193979961      0.565186938444446176E-01 
  -46.8394648829431475      0.620768932502506433E-01 
  -46.5551839464882988      0.792688764721874300E-01 
  -46.2709030100334466      0.891200874177140029E-01 
  -45.9866220735785980      0.130104297035183017     
  -45.7023411371237493      0.717541693537896430E-01 
  -45.4180602006689007      0.407847032184033157E-01 
  -45.1337792642140521      0.355302648818806412E-01 
  -44.8494983277591999      0.277336458401123307E-01 
  -44.5652173913043512      0.295217851083816301E-01 
  -44.2809364548495026      0.297768631579735403E-01 
  -43.9966555183946539      0.334861646015220202E-01 
  -43.7123745819398017      0.346655596456523999E-01 
  -43.4280936454849531      0.321527265728688786E-01 
  -43.1438127090301045      0.316207817528300766E-01 
  -42.8595317725752558      0.406326897828520666E-01 
  -42.5752508361204036      0.546545351501918813E-01 
  -42.2909698996655550      0.837965625081671384E-01 
  -42.0066889632107063      0.120734519829273620     
  -41.7224080267558577      0.624560872521271685E-01 
  -41.4381270903010055      0.394439659504984682E-01 
  -41.1538461538461569      0.310100165532374806E-01 
  -40.8695652173913082      0.349938652570582123E-01 
  -40.5852842809364596      0.419213693749850213E-01 
  -40.3010033444816074      0.613614246252609189E-01 
  -40.0167224080267587      0.957543189429517633E-01 
  -39.7324414715719101      0.835078095826656541E-01 
  -39.4481605351170614      0.556570470867839362E-01 
  -39.1638795986622128      0.429102177644361009E-01 
  -38.8795986622073606      0.380516614827011808E-01 
  -38.5953177257525120      0.448750133825170025E-01 
  -38.3110367892976633      0.599529513727581455E-01 
  -38.0267558528428147      0.577442567718072135E-01 
  -37.7424749163879625      0.598785625448601663E-01 
  -37.4581939799331138      0.437586619571109286E-01 
  -37.1739130434782652      0.447896304658309220E-01 
  -36.8896321070234166      0.374951685803336481E-01 
  -36.6053511705685644      0.399090163318861864E-01 
  -36.3210702341137157      0.633523227872277855E-01 
  -36.0367892976588671      0.979478044183945407E-01 
  -35.7525083612040184      0.791723032281720501E-01 
  -35.4682274247491662      0.786442088030887693E-01 
  -35.1839464882943176      0.890472478895325270E-01 
  -34.8996655518394689      0.995005395216247424E-01 
  -34.6153846153846203      0.132537047984333661     
  -34.3311036789297681      0.121254063234439491     
  -34.0468227424749195      0.803806543730866546E-01 
  -33.7625418060200708      0.102571727735806265     
  -33.4782608695652222      0.113320421067365451     
  -33.1939799331103735      0.213798390866704408     
  -32.9096989966555213      0.304083173043079164     
  -32.6254180602006727      0.152265299129564310     
  -32.3411371237458241      0.101296246491266104     
  -32.0568561872909754      0.966976462257796016E-01 
  -31.7725752508361232      0.989350345954953525E-01 
  -31.4882943143812746      0.905202194149776762E-01 
  -31.2040133779264259      0.159993777194168407     
  -30.9197324414715773      0.248278917102327398     
  -30.6354515050167251      0.251391030215014119     
  -30.3511705685618765      0.137395978496847856     
  -30.0668896321070278      0.799271796518471189E-01 
  -29.7826086956521792      0.851921178166244047E-01 
  -29.4983277591973270      0.102541280262574488     
  -29.2140468227424783      0.716007684535124866E-01 
  -28.9297658862876297      0.620745430354146333E-01 
  -28.6454849498327810      0.942518036583422925E-01 
  -28.3612040133779288      0.141084684156379606     
  -28.0769230769230802      0.117686004294482963     
  -27.7926421404682316      0.199548050718809017     
  -27.5083612040133829      0.284364942255902725     
  -27.2240802675585307      0.170758960695945816     
  -26.9397993311036821      0.127967432776847065     
  -26.6555183946488334      0.149514855559446158     
  -26.3712374581939848      0.124400708981786623     
  -26.0869565217391362      0.690555611153665788E-01 
  -25.8026755852842840      0.671032700752242223E-01 
  -25.5183946488294353      0.508507219842330768E-01 
  -25.2341137123745867      0.317447249610880869E-01 
  -24.9498327759197380      0.271302487799482978E-01 
  -24.6655518394648858      0.348996113609939774E-01 
  -24.3812709030100372      0.366595927182516261E-01 
  -24.0969899665551885      0.356647630639578056E-01 
  -23.8127090301003399      0.617903184114991007E-01 
  -23.5284280936454877      0.994416136472233425E-01 
  -23.2441471571906391      0.877449763738338967E-01 
  -22.9598662207357904      0.701233210578372929E-01 
  -22.6755852842809418      0.123551178106534459     
  -22.3913043478260896      0.192442226058080895     
  -22.1070234113712409      0.133631853176252688     
  -21.8227424749163923      0.121497071967289816     
  -21.5384615384615437      0.121836630940595991     
  -21.2541806020066915      0.922469502321729973E-01 
  -20.9698996655518428      0.114504480265914352     
  -20.6856187290969942      0.840548693022513255E-01 
  -20.4013377926421455      0.105406638989565746     
  -20.1170568561872969      0.139652726265874480     
  -19.8327759197324447      0.673505794640889416E-01 
  -19.5484949832775960      0.311394410196913184E-01 
  -19.2642140468227474      0.192350060950042681E-01 
  -18.9799331103678988      0.140578138309495233E-01 
  -18.6956521739130466      0.113129657085880428E-01 
  -18.4113712374581979      0.966595798920599335E-02 
  -18.1270903010033493      0.859547202177031195E-02 
  -17.8428093645485006      0.786195831180504581E-02 
  -17.5585284280936484      0.734168517927884061E-02 
  -17.2742474916387998      0.696492356691636675E-02 
  -16.9899665551839512      0.668966163456549256E-02 
  -16.7056856187291025      0.648922652734696976E-02 
  -16.4214046822742503      0.634596501189430440E-02 
  -16.1371237458194017      0.624779953765341230E-02 
  -15.8528428093645530      0.618624765296836750E-02 
  -15.5685618729097044      0.615523069369777742E-02 
  -15.2842809364548522      0.615032959509390163E-02 
  -15.0000000000000036      0.616830489336842730E-02 
