  0.000000000000000000E+00  0.726525297054877867E-01 
  0.100334448160535106      0.782446046236574821E-01 
  0.200668896321070211      0.846484959677601123E-01 
  0.301003344481605317      0.920345914655316538E-01 
  0.401337792642140423      0.100620697130674244     
  0.501672240802675529      0.110688727158459357     
  0.602006688963210634      0.122608605164328519     
  0.702341137123745740      0.136873123279438985     
  0.802675585284280846      0.154149809187258638     
  0.903010033444815952      0.175359808348407906     
   1.00334448160535095      0.201800766319397862     
   1.10367892976588600      0.235343339868303136     
   1.20401337792642127      0.278754515536332306     
   1.30434782608695632      0.336245917286990353     
   1.40468227424749137      0.414432929494489288     
   1.50501672240802642      0.524061180032158055     
   1.60535117056856169      0.683171789827902776     
   1.70568561872909674      0.922819898018724924     
   1.80602006688963179       1.29615428753590267     
   1.90635451505016684       1.88424382031510707     
   2.00668896321070211       2.74751937468174057     
   2.10702341137123716       3.66140883320777788     
   2.20735785953177222       3.86255571598545022     
   2.30769230769230727       3.11966482393551603     
   2.40802675585284254       2.19524190445165845     
   2.50836120401337759       1.51698955342074027     
   2.60869565217391264       1.08160079811370835     
   2.70903010033444769      0.805089823435770152     
   2.80936454849498296      0.625059758126535567     
   2.90969899665551801      0.504140590403029915     
   3.01003344481605306      0.420651214555357658     
   3.11036789297658811      0.361813904279016010     
   3.21070234113712338      0.319885231662638547     
   3.31103678929765843      0.290040992952925097     
   3.41137123745819348      0.269210723922653009     
   3.51170568561872853      0.255421305958058176     
   3.61204013377926381      0.247419331972338175     
   3.71237458193979886      0.244451683231222044     
   3.81270903010033391      0.246140531386166025     
   3.91304347826086896      0.252419102662952394     
   4.01337792642140423      0.263511494880506930     
   4.11371237458193928      0.279950566803894282     
   4.21404682274247433      0.302636342368691386     
   4.31438127090300938      0.332946275616150214     
   4.41471571906354465      0.372921007121001555     
   4.51505016722407970      0.425569200446367077     
   4.61538461538461475      0.495370334282169963     
   4.71571906354514980      0.589119650138179060     
   4.81605351170568508      0.717383544820493255     
   4.91638795986622013      0.897070531542910124     
   5.01672240802675518       1.15605658836860226     
   5.11705685618729023       1.54145512574455279     
   5.21739130434782550       2.13318957470959414     
   5.31772575250836055       3.05796862147596671     
   5.41806020066889560       4.45517675311065231     
   5.51839464882943065       6.19538782493579743     
   5.61872909698996592       7.26927741418587758     
   5.71906354515050097       6.57382561906856733     
   5.81939799331103602       4.90526243051745281     
   5.91973244147157107       3.43323892082736482     
   6.02006688963210634       2.42387158952854964     
   6.12040133779264139       1.76748814744527749     
   6.22073578595317644       1.33547022988114383     
   6.32107023411371149       1.04227536209783400     
   6.42140468227424677      0.836515519183769984     
   6.52173913043478182      0.687520866119581159     
   6.62207357859531687      0.576584995971618192     
   6.72240802675585192      0.491954005672457034     
   6.82274247491638719      0.426012404015666812     
   6.92307692307692224      0.373680406693784439     
   7.02341137123745729      0.331478032972906247     
   7.12374581939799234      0.296963048257006992     
   7.22408026755852761      0.268383874686714249     
   7.32441471571906266      0.244459499658583601     
   7.42474916387959771      0.224236434872923718     
   7.52508361204013276      0.206993619288844563     
   7.62541806020066804      0.192177867590375015     
   7.72575250836120309      0.179359210026597188     
   7.82608695652173814      0.168199449954683236     
   7.92642140468227319      0.158429669628230074     
   8.02675585284280846      0.149833898845536828     
   8.12709030100334351      0.142237095978990008     
   8.22742474916387856      0.135496191136650776     
   8.32775919732441361      0.129493333437150290     
   8.42809364548494888      0.124130744942631127     
   8.52842809364548393      0.119326759567743926     
   8.62876254180601898      0.115012745568300642     
   8.72909698996655403      0.111130693636778910     
   8.82943143812708930      0.107631311219530471     
   8.92976588628762435      0.104472505302245597     
   9.03010033444815940      0.101618165821224987     
   9.13043478260869446      0.990371835720326721E-01 
   9.23076923076922973      0.967026524051604330E-01 
   9.33110367892976478      0.945912172754725250E-01 
   9.43143812709029983      0.926825385017763931E-01 
   9.53177257525083488      0.909588492069983573E-01 
   9.63210702341137015      0.894045879255695730E-01 
   9.73244147157190520      0.880060921971468207E-01 
   9.83277591973244025      0.867513419147669246E-01 
   9.93311036789297530      0.856297434800196017E-01 
   10.0334448160535106      0.846319475990812697E-01 
   10.1337792642140456      0.837496949510832256E-01 
   10.2341137123745807      0.829756850636945292E-01 
   10.3344481605351157      0.823034646073057541E-01 
   10.4347826086956510      0.817273320199070064E-01 
   10.5351170568561860      0.812422559387940418E-01 
   10.6354515050167211      0.808438053728837425E-01 
   10.7357859531772561      0.805280899244534276E-01 
   10.8361204013377914      0.802917086805979702E-01 
   10.9364548494983265      0.801317066584623927E-01 
   11.0367892976588615      0.800455379182431759E-01 
   11.1371237458193966      0.800310346673078349E-01 
   11.2374581939799318      0.800863818816974493E-01 
   11.3377926421404669      0.802100971848434957E-01 
   11.4381270903010019      0.804010159707263805E-01 
   11.5384615384615370      0.806582820742654388E-01 
   11.6387959866220723      0.809813447294518013E-01 
   11.7391304347826073      0.813699632037147291E-01 
   11.8394648829431424      0.818242215017975921E-01 
   11.9397993311036774      0.823445571377315610E-01 
   12.0401337792642127      0.829318105719253768E-01 
   12.1404682274247477      0.835873060665580231E-01 
   12.2408026755852828      0.843129809266214836E-01 
   12.3411371237458178      0.851115872421980557E-01 
   12.4414715719063531      0.859869880412257870E-01 
   12.5418060200668882      0.869445052739619556E-01 
   12.6421404682274232      0.879909157064302644E-01 
   12.7424749163879583      0.891321542533256433E-01 
   12.8428093645484935      0.903624227681394665E-01 
   12.9431438127090286      0.916394402781672834E-01 
   13.0434782608695636      0.928775931362414431E-01 
   13.1438127090300987      0.940158488912377077E-01 
   13.2441471571906340      0.951738457178362418E-01 
   13.3444816053511690      0.965079103782012920E-01 
   13.4448160535117041      0.980251158357917235E-01 
   13.5451505016722391      0.996883849126864452E-01 
   13.6454849498327744      0.101475225406833500     
   13.7458193979933094      0.103377269415588988     
   13.8461538461538445      0.105393603767802241     
   13.9464882943143795      0.107527052280530874     
   14.0468227424749148      0.109782516796152946     
   14.1471571906354499      0.112166305189523002     
   14.2474916387959849      0.114685934496081457     
   14.3478260869565200      0.117350197507282636     
   14.4481605351170552      0.120169331184339895     
   14.5484949832775903      0.123154630776343366     
   14.6488294314381253      0.126314504651534876     
   14.7491638795986604      0.129641724606564077     
   14.8494983277591956      0.133117485823335116     
   14.9498327759197307      0.136768428311146495     
   15.0501672240802657      0.140644562694403522     
   15.1505016722408008      0.144767965849816854     
   15.2508361204013361      0.149149425169173622     
   15.3511705685618711      0.153801929074250512     
   15.4515050167224062      0.158742132515746273     
   15.5518394648829412      0.163989692148705499     
   15.6521739130434765      0.169566824684154405     
   15.7525083612040115      0.175498174921707523     
   15.8528428093645466      0.181810862022944289     
   15.9531772575250816      0.188534621690437165     
   16.0535117056856151      0.195702003977136774     
   16.1538461538461497      0.203348607346654067     
   16.2541806020066844      0.211513338740351969     
   16.3545150501672190      0.220238692841227338     
   16.4548494983277571      0.229571044250528905     
   16.5551839464882917      0.239560945054233684     
   16.6555183946488263      0.250263417627814719     
   16.7558528428093609      0.261738228505572532     
   16.8561872909698955      0.274050123504279750     
   16.9565217391304301      0.287268996663902459     
   17.0568561872909648      0.301469955441133391     
   17.1571906354515029      0.316733231329949988     
   17.2575250836120375      0.333143867940875055     
   17.3578595317725721      0.350791096720736273     
   17.4581939799331067      0.369767283101570782     
   17.5585284280936413      0.390166292216999416     
   17.6588628762541759      0.412081083044766788     
   17.7591973244147106      0.435600293225226254     
   17.8595317725752487      0.460803525268967118     
   17.9598662207357833      0.487754991328681470     
   18.0602006688963179      0.516495122681401755     
   18.1605351170568525      0.547029706401571308     
   18.2608695652173871      0.579316075795266061     
   18.3612040133779217      0.613245835325499131     
   18.4615384615384563      0.648623474805012326     
   18.5618729096989945      0.685139816278754893     
   18.6622073578595291      0.722338007412057725     
   18.7625418060200637      0.759566439222630368     
   18.8628762541805983      0.795904720490665490     
   18.9632107023411329      0.830032306417510371     
   19.0635451505016675      0.860008804453782680     
   19.1638795986622021      0.883179766233517904     
   19.2642140468227403      0.897599863258153760     
   19.3645484949832749      0.906733316321265095     
   19.4648829431438095      0.917474990447704891     
   19.5652173913043441      0.929371644285501952     
   19.6655518394648787      0.939270797010571826     
   19.7658862876254133      0.943295894411636041     
   19.8662207357859479      0.938850364170380924     
   19.9665551839464825      0.926042063639302276     
   20.0668896321070207      0.906088767199239323     
   20.1672240802675553      0.880388408718891416     
   20.2675585284280899      0.850281932963546344     
   20.3678929765886245      0.816993946856176365     
   20.4682274247491591      0.781601819330040248     
   20.5685618729096937      0.745017191593284056     
   20.6688963210702283      0.708001594097865464     
   20.7692307692307665      0.671290141639674834     
   20.8695652173913011      0.635974007463673982     
   20.9698996655518357      0.603838711114714127     
   21.0702341137123703      0.575750339835161870     
   21.1705685618729049      0.549814457414941241     
   21.2709030100334395      0.524471846629862806     
   21.3712374581939741      0.499874748419485190     
   21.4715719063545123      0.476513422338461196     
   21.5719063545150469      0.454666929076084247     
   21.6722408026755815      0.434432370864539841     
   21.7725752508361161      0.415809365187428712     
   21.8729096989966507      0.398750415459903598     
   21.9732441471571853      0.383186457309466974     
   22.0735785953177199      0.369039799131938601     
   22.1739130434782581      0.356230926281743548     
   22.2742474916387927      0.344682213226598116     
   22.3745819397993273      0.334319988616781055     
   22.4749163879598619      0.325075674559671804     
   22.5752508361203965      0.316886384310089336     
   22.6755852842809311      0.309695196866488387     
   22.7759197324414657      0.303451240067315151     
   22.8762541806020039      0.298109665115409719     
   22.9765886287625385      0.293631566299969060     
   23.0769230769230731      0.289983880541858863     
   23.1772575250836077      0.287139286773468907     
   23.2775919732441423      0.285076111765275822     
   23.3779264214046769      0.283778235401758255     
   23.4782608695652115      0.283234975161212293     
   23.5785953177257497      0.283440918897754648     
   23.6789297658862843      0.284395669688925490     
   23.7792642140468189      0.286103468074620740     
   23.8795986622073535      0.288572664647148328     
   23.9799331103678881      0.291815026490122961     
   24.0802675585284227      0.295844870431239332     
   24.1806020066889573      0.300678021859410824     
   24.2809364548494955      0.306330600174289758     
   24.3812709030100301      0.312817633697993522     
   24.4816053511705647      0.320151512126004498     
   24.5819397993310993      0.328340296385513666     
   24.6822742474916339      0.337385924430379902     
   24.7826086956521685      0.347282373624657997     
   24.8829431438127031      0.358013858534053833     
   24.9832775919732413      0.369553146207591915     
   25.0836120401337759      0.381860046659683969     
   25.1839464882943105      0.394880073806549450     
   25.2842809364548451      0.408543170702536054     
   25.3846153846153797      0.422762271147832575     
   25.4849498327759143      0.437431373967385975     
   25.5852842809364489      0.452422809367346870     
   25.6856187290969871      0.467583558722742834     
   25.7859531772575217      0.482730898008298659     
   25.8862876254180563      0.497648240962987889     
   25.9866220735785909      0.512082724202517978     
   26.0869565217391255      0.525746570322898885     
   26.1872909698996601      0.538324316423947694     
   26.2876254180601947      0.549487389475344201     
   26.3879598662207293      0.558916190151367037     
   26.4882943143812675      0.566327998528894302     
   26.5886287625418021      0.571507087628345692     
   26.6889632107023367      0.574332051693796863     
   26.7892976588628713      0.574795119270469529     
   26.8896321070234059      0.573009408371315712     
   26.9899665551839405      0.569202462077564086     
   27.0903010033444751      0.563697264322548283     
   27.1906354515050133      0.556884367656290152     
   27.2909698996655479      0.549190060462420457     
   27.3913043478260825      0.541045437048130545     
   27.4916387959866171      0.532860088734019605     
   27.5919732441471517      0.525002477977502144     
   27.6923076923076863      0.517787476767647234     
   27.7926421404682209      0.511470462732466227     
   27.8929765886287591      0.506246997286091599     
   27.9933110367892937      0.502257596222551186     
   28.0936454849498283      0.499598465845011691     
   28.1939799331103629      0.498339261692767765     
   28.2943143812708975      0.498529891341775361     
   28.3946488294314321      0.500081792795470992     
   28.4949832775919667      0.502479297878506523     
   28.5953177257525049      0.505181451191390560     
   28.6956521739130395      0.508208287481650076     
   28.7959866220735741      0.511580860935205745     
   28.8963210702341087      0.515098868809737515     
   28.9966555183946433      0.518476050601612073     
   29.0969899665551779      0.521418578836424257     
   29.1973244147157125      0.523652904495141167     
   29.2976588628762507      0.524939963399421186     
   29.3979933110367853      0.525086297055997062     
   29.4983277591973199      0.523953621029731073     
   29.5986622073578545      0.521466276822581315     
   29.6989966555183891      0.517615534619146181     
   29.7993311036789237      0.512459716129376075     
   29.8996655518394583      0.506119478340017748     
   29.9999999999999964      0.498768319184188819     
