0.000000 0.071942
0.133333 0.078090
0.266667 0.085199
0.400000 0.093495
0.533333 0.103272
0.666667 0.114921
0.800000 0.128973
0.933333 0.146151
1.066667 0.167471
1.200000 0.194369
1.333333 0.228918
1.466667 0.274155
1.600000 0.334551
1.733333 0.416638
1.866667 0.529525
2.000000 0.684135
2.133333 0.887409
2.266667 1.124023
2.400000 1.327562
2.533333 1.394093
2.666667 1.287262
2.800000 1.085140
2.933333 0.880558
3.066667 0.714977
3.200000 0.592813
3.333333 0.506141
3.466667 0.445985
3.600000 0.405312
3.733333 0.379202
3.866667 0.364380
4.000000 0.358729
4.133333 0.360937
4.266667 0.370224
4.400000 0.386139
4.533333 0.408383
4.666667 0.436646
4.800000 0.470507
4.933333 0.509481
5.066667 0.553316
5.200000 0.602505
5.333333 0.658811
5.466667 0.725521
5.600000 0.807386
5.733333 0.910460
5.866667 1.042054
6.000000 1.210805
6.133333 1.426553
6.266667 1.699333
6.400000 2.036375
6.533333 2.435719
6.666667 2.876277
6.800000 3.308795
6.933333 3.659165
7.066667 3.853714
7.200000 3.855460
7.333333 3.682056
7.466667 3.391396
7.600000 3.050960
7.733333 2.713931
7.866667 2.411139
8.000000 2.154543
8.133333 1.944578
8.266667 1.776610
8.400000 1.645036
8.533333 1.545188
8.666667 1.473699
8.800000 1.428094
8.933333 1.406197
9.066667 1.405568
9.200000 1.422951
9.333333 1.453710
9.466667 1.491511
9.600000 1.528801
9.733333 1.558376
9.866667 1.575207
10.000000 1.576717
10.133333 1.561187
10.266667 1.526533
10.400000 1.471327
10.533333 1.397120
10.666667 1.309576
10.800000 1.217088
10.933333 1.127959
11.066667 1.048263
11.200000 0.981232
11.333333 0.927648
11.466667 0.886447
11.600000 0.855248
11.733333 0.830906
11.866667 0.810205
12.000000 0.790672
12.133333 0.771196
12.266667 0.752101
12.400000 0.734654
12.533333 0.720300
12.666667 0.709980
12.800000 0.703671
12.933333 0.700177
13.066667 0.697252
13.200000 0.692100
13.333333 0.682158
13.466667 0.665933
13.600000 0.643541
13.733333 0.616562
13.866667 0.587242
14.000000 0.557582
14.133333 0.528858
14.266667 0.501687
14.400000 0.476325
14.533333 0.452907
14.666667 0.431506
14.800000 0.412112
14.933333 0.394639
15.066667 0.378962
15.200000 0.364912
15.333333 0.352208
15.466667 0.340446
15.600000 0.329212
15.733333 0.318285
15.866667 0.307773
16.000000 0.298050
16.133333 0.289561
16.266667 0.282623
16.400000 0.277342
16.533333 0.273641
16.666667 0.271351
16.800000 0.270286
16.933333 0.270274
17.066667 0.271161
17.200000 0.272797
17.333333 0.275031
17.466667 0.277670
17.600000 0.280417
17.733333 0.282805
17.866667 0.284190
18.000000 0.283829
18.133333 0.281075
18.266667 0.275631
18.400000 0.267723
18.533333 0.258069
18.666667 0.247662
18.800000 0.237508
18.933333 0.228420
19.066667 0.220911
19.200000 0.215170
19.333333 0.211122
19.466667 0.208499
19.600000 0.206913
19.733333 0.205911
19.866667 0.205030
20.000000 0.203898
20.133333 0.202331
20.266667 0.200367
20.400000 0.198224
20.533333 0.196211
20.666667 0.194656
20.800000 0.193844
20.933333 0.193969
21.066667 0.195098
21.200000 0.197161
21.333333 0.199969
21.466667 0.203283
21.600000 0.206901
21.733333 0.210737
21.866667 0.214831
22.000000 0.219292
22.133333 0.224211
22.266667 0.229583
22.400000 0.235275
22.533333 0.241069
22.666667 0.246742
22.800000 0.252144
22.933333 0.257214
23.066667 0.261952
23.200000 0.266364
23.333333 0.270423
23.466667 0.274023
23.600000 0.276923
23.733333 0.278722
23.866667 0.278971
24.000000 0.277395
24.133333 0.274117
24.266667 0.269711
24.400000 0.265037
24.533333 0.260980
24.666667 0.258250
24.800000 0.257287
24.933333 0.258273
25.066667 0.261146
25.200000 0.265618
25.333333 0.271187
25.466667 0.277205
25.600000 0.283015
25.733333 0.288111
25.866667 0.292230
26.000000 0.295305
26.133333 0.297346
26.266667 0.298359
26.400000 0.298368
26.533333 0.297482
26.666667 0.295918
26.800000 0.293953
26.933333 0.291834
27.066667 0.289720
27.200000 0.287695
27.333333 0.285810
27.466667 0.284100
27.600000 0.282530
27.733333 0.280906
27.866667 0.278844
28.000000 0.275864
28.133333 0.271582
28.266667 0.265893
28.400000 0.259004
28.533333 0.251340
28.666667 0.243415
28.800000 0.235756
28.933333 0.228870
29.066667 0.223183
29.200000 0.218968
29.333333 0.216306
29.466667 0.215114
29.600000 0.215233
29.733333 0.216506
29.866667 0.218818
30.000000 0.222082
30.133333 0.226215
30.266667 0.231081
30.400000 0.236440
30.533333 0.241927
30.666667 0.247106
30.800000 0.251588
30.933333 0.255138
31.066667 0.257707
31.200000 0.259387
31.333333 0.260332
31.466667 0.260670
31.600000 0.260447
31.733333 0.259615
31.866667 0.258058
32.000000 0.255634
32.133333 0.252206
32.266667 0.247682
32.400000 0.242047
32.533333 0.235410
32.666667 0.228025
32.800000 0.220264
32.933333 0.212551
33.066667 0.205292
33.200000 0.198831
33.333333 0.193420
33.466667 0.189200
33.600000 0.186199
33.733333 0.184353
33.866667 0.183545
34.000000 0.183621
34.133333 0.184384
34.266667 0.185592
34.400000 0.186983
34.533333 0.188312
34.666667 0.189372
34.800000 0.190000
34.933333 0.190056
35.066667 0.189443
35.200000 0.188138
35.333333 0.186223
35.466667 0.183862
35.600000 0.181231
35.733333 0.178439
35.866667 0.175485
36.000000 0.172281
36.133333 0.168717
36.266667 0.164747
36.400000 0.160432
36.533333 0.155917
36.666667 0.151375
36.800000 0.146943
36.933333 0.142697
37.066667 0.138641
37.200000 0.134733
37.333333 0.130915
37.466667 0.127149
37.600000 0.123454
37.733333 0.119922
37.866667 0.116695
38.000000 0.113900
38.133333 0.111576
38.266667 0.109642
38.400000 0.107910
38.533333 0.106166
38.666667 0.104257
38.800000 0.102145
38.933333 0.099910
39.066667 0.097703
39.200000 0.095678
39.333333 0.093949
39.466667 0.092576
39.600000 0.091559
39.733333 0.090851
39.866667 0.090376
39.866667 0.095807
40.000000 0.097795
40.200000 0.100037
40.400000 0.100977
40.600000 0.100402
40.800000 0.098386
41.000000 0.095251
41.200000 0.091517
41.400000 0.087787
41.600000 0.084584
41.800000 0.082268
42.000000 0.080977
42.200000 0.080530
42.400000 0.080426
42.600000 0.080098
42.800000 0.079268
43.000000 0.078062
43.200000 0.076852
43.400000 0.076058
43.600000 0.075980
43.800000 0.076720
44.000000 0.078244
44.200000 0.080448
44.400000 0.083154
44.600000 0.086046
44.800000 0.088663
45.000000 0.090478
45.200000 0.091043
45.400000 0.090135
45.600000 0.087907
45.800000 0.084910
46.000000 0.081809
46.200000 0.079039
46.400000 0.076699
46.600000 0.074697
46.800000 0.072964
47.000000 0.071573
47.200000 0.070666
47.400000 0.070358
47.600000 0.070715
47.800000 0.071706
48.000000 0.073154
48.200000 0.074828
48.400000 0.076685
48.600000 0.078893
48.800000 0.081494
49.000000 0.084126
49.200000 0.086178
49.400000 0.087214
49.600000 0.087222
49.800000 0.086535
50.000000 0.085592
50.200000 0.084691
50.400000 0.083829
50.600000 0.082716
50.800000 0.081057
51.000000 0.078837
51.200000 0.076391
51.400000 0.074195
51.600000 0.072611
51.800000 0.071716
52.000000 0.071307
52.200000 0.071049
52.400000 0.070744
52.600000 0.070454
52.800000 0.070326
53.000000 0.070381
53.200000 0.070587
53.400000 0.070963
53.600000 0.071542
53.800000 0.072295
54.000000 0.073149
54.200000 0.073980
54.400000 0.074527
54.600000 0.074397
54.800000 0.073259
55.000000 0.071132
55.200000 0.068472
55.400000 0.065905
55.600000 0.063844
55.800000 0.062320
56.000000 0.061065
56.200000 0.059793
56.400000 0.058460
56.600000 0.057252
56.800000 0.056341
57.000000 0.055748
57.200000 0.055393
57.400000 0.055158
57.600000 0.054901
57.800000 0.054498
58.000000 0.053870
58.200000 0.052967
58.400000 0.051751
58.600000 0.050224
58.800000 0.048481
59.000000 0.046724
59.200000 0.045194
59.400000 0.044067
59.600000 0.043383
59.800000 0.043031
60.000000 0.042843
60.200000 0.042728
60.400000 0.042712
60.600000 0.042826
60.800000 0.043030
61.000000 0.043237
61.200000 0.043395
61.400000 0.043571
61.600000 0.043932
61.800000 0.044627
62.000000 0.045630
62.200000 0.046651
62.400000 0.047237
62.600000 0.047054
62.800000 0.046094
63.000000 0.044586
63.200000 0.042807
63.400000 0.040983
63.600000 0.039266
63.800000 0.037752
64.000000 0.036498
64.200000 0.035531
64.400000 0.034827
64.600000 0.034301
64.800000 0.033829
65.000000 0.033337
65.200000 0.032844
65.400000 0.032384
65.600000 0.031913
65.800000 0.031317
66.000000 0.030468
66.200000 0.029256
66.400000 0.027646
66.600000 0.025744
66.800000 0.023780
67.000000 0.021980
67.200000 0.020474
67.400000 0.019292
67.600000 0.018414
67.800000 0.017799
68.000000 0.017395
68.200000 0.017120
68.400000 0.016869
68.600000 0.016532
68.800000 0.016032
69.000000 0.015337
69.200000 0.014461
69.400000 0.013464
69.600000 0.012436
69.800000 0.011456
70.000000 0.010568
70.200000 0.009792
70.400000 0.009130
70.600000 0.008572
70.800000 0.008107
71.000000 0.007729
71.200000 0.007433
71.400000 0.007210
71.600000 0.007043
71.800000 0.006902
72.000000 0.006760
72.200000 0.006602
72.400000 0.006440
72.600000 0.006295
72.800000 0.006168
73.000000 0.006024
73.200000 0.005819
73.400000 0.005535
73.600000 0.005198
73.800000 0.004852
74.000000 0.004533
74.200000 0.004260
74.400000 0.004036
74.600000 0.003860
74.800000 0.003729
75.000000 0.003634
75.200000 0.003569
75.400000 0.003528
75.600000 0.003508
75.800000 0.003505
76.000000 0.003515
76.200000 0.003527
76.400000 0.003529
76.600000 0.003518
76.800000 0.003506
77.000000 0.003510
77.200000 0.003537
77.400000 0.003578
77.600000 0.003616
77.800000 0.003643
78.000000 0.003662
78.200000 0.003687
78.400000 0.003726
78.600000 0.003766
78.800000 0.003782
79.000000 0.003751
79.200000 0.003678
79.400000 0.003589
79.600000 0.003510
79.800000 0.003451
80.000000 0.003417
80.200000 0.003410
80.400000 0.003435
80.600000 0.003499
80.800000 0.003603
81.000000 0.003743
81.200000 0.003900
81.400000 0.004051
81.600000 0.004178
81.800000 0.004280
82.000000 0.004372
82.200000 0.004474
82.400000 0.004588
82.600000 0.004700
82.800000 0.004793
83.000000 0.004864
83.200000 0.004925
83.400000 0.004996
83.600000 0.005089
83.800000 0.005205
84.000000 0.005346
84.200000 0.005523
84.400000 0.005749
84.600000 0.006032
84.800000 0.006359
85.000000 0.006690
85.200000 0.006977
85.400000 0.007191
85.600000 0.007327
85.800000 0.007399
86.000000 0.007424
86.200000 0.007398
86.400000 0.007312
86.600000 0.007167
86.800000 0.006987
87.000000 0.006804
87.200000 0.006647
87.400000 0.006535
87.600000 0.006475
87.800000 0.006457
88.000000 0.006455
88.200000 0.006437
88.400000 0.006381
88.600000 0.006280
88.800000 0.006124
89.000000 0.005909
89.200000 0.005651
89.400000 0.005388
89.600000 0.005158
89.800000 0.004977
90.000000 0.004841
90.200000 0.004733
90.400000 0.004639
90.600000 0.004555
90.800000 0.004484
91.000000 0.004431
91.200000 0.004389
91.400000 0.004346
91.600000 0.004289
91.800000 0.004220
92.000000 0.004157
92.200000 0.004114
92.400000 0.004097
92.600000 0.004095
92.800000 0.004090
93.000000 0.004064
93.200000 0.004002
93.400000 0.003901
93.600000 0.003771
93.800000 0.003634
94.000000 0.003513
94.200000 0.003423
94.400000 0.003367
94.600000 0.003335
94.800000 0.003313
95.000000 0.003288
95.200000 0.003261
95.400000 0.003237
95.600000 0.003215
95.800000 0.003190
96.000000 0.003159
96.200000 0.003123
96.400000 0.003077
96.600000 0.003009
96.800000 0.002903
97.000000 0.002754
97.200000 0.002567
97.400000 0.002360
97.600000 0.002156
97.800000 0.001974
98.000000 0.001827
98.200000 0.001718
98.400000 0.001647
98.600000 0.001607
98.800000 0.001588
99.000000 0.001581
99.200000 0.001570
99.400000 0.001548
99.600000 0.001507
99.800000 0.001448
