  -5.00000000000000000      0.343775967987641762E-01 
  -4.88294314381270933      0.354066560879257655E-01 
  -4.76588628762541777      0.365002825220524935E-01 
  -4.64882943143812710      0.376643176646915406E-01 
  -4.53177257525083643      0.389052971613240359E-01 
  -4.41471571906354487      0.402305531550250922E-01 
  -4.29765886287625420      0.416483348648461413E-01 
  -4.18060200668896353      0.431679511113737327E-01 
  -4.06354515050167198      0.447999394852052132E-01 
  -3.94648829431438131      0.465562680157907416E-01 
  -3.82943143812709019      0.484505766880009778E-01 
  -3.71237458193979908      0.504984680767304184E-01 
  -3.59531772575250841      0.527178588682808771E-01 
  -3.47826086956521729      0.551294073062225040E-01 
  -3.36120401337792618      0.577570359082249588E-01 
  -3.24414715719063551      0.606285745241979188E-01 
  -3.12709030100334440      0.637765564725864542E-01 
  -3.01003344481605328      0.672392108501232016E-01 
  -2.89297658862876261      0.710617082360192887E-01 
  -2.77591973244147150      0.752977364647305497E-01 
  -2.65886287625418039      0.800115102128487882E-01 
  -2.54180602006688972      0.852803562410018173E-01 
  -2.42474916387959860      0.911980703820229888E-01 
  -2.30769230769230749      0.978793206136502614E-01 
  -2.19063545150501682      0.105465484965331327     
  -2.07357859531772570      0.114132482775451669     
  -1.95652173913043459      0.124101413741247918     
  -1.83946488294314370      0.135653211673599450     
  -1.72240802675585281      0.149149132988922239     
  -1.60535117056856169      0.165059877255804732     
  -1.48829431438127080      0.184007729345683935     
  -1.37123745819397969      0.206828769567518139     
  -1.25418060200668879      0.234666748652612084     
  -1.13712374581939790      0.269118244092127479     
  -1.02006688963210679      0.312463296316405736     
 -0.903010033444815896      0.368043155926003618     
 -0.785953177257524893      0.440900317075848813     
 -0.668896321070233890      0.538904677963733869     
 -0.551839464882942998      0.674819068271112599     
 -0.434782608695651995      0.870258825396082902     
 -0.317725752508360992       1.16361401046933932     
 -0.200668896321070017       1.62635566393429642     
 -0.836120401337790420E-01   2.39553724299782322     
  0.334448160535119332E-01   3.72016166601409504     
  0.150501672240802908       5.86996306572945059     
  0.267558528428093911       8.12316998671592927     
  0.384615384615384859       7.84087882279046600     
  0.501672240802675806       5.44910180785049736     
  0.618729096989966809       3.44663821376996138     
  0.735785953177257812       2.24424175632284495     
  0.852842809364548815       1.54561962476293169     
  0.969899665551839707       1.12321635113876317     
   1.08695652173913082      0.854576010206459347     
   1.20401337792642171      0.675725431000374410     
   1.32107023411371260      0.552066996725254167     
   1.43812709030100372      0.463988751660203591     
   1.55518394648829461      0.399856161167467861     
   1.67224080267558550      0.352486974050625845     
   1.78929765886287662      0.317300556692650504     
   1.90635451505016751      0.291304532677298889     
   2.02341137123745840      0.272519071471222729     
   2.14046822742474951      0.259640544915574367     
   2.25752508361204063      0.251842555269138624     
   2.37458193979933130      0.248660504111725300     
   2.49163879598662241      0.249931340899103988     
   2.60869565217391353      0.255774776571792262     
   2.72575250836120420      0.266612060995117417     
   2.84280936454849531      0.283226965247247608     
   2.95986622073578642      0.306883847637430374     
   3.07692307692307709      0.339533444441543375     
   3.19397993311036821      0.384165036799661408     
   3.31103678929765932      0.445417560840977167     
   3.42809364548495044      0.530671784033787786     
   3.54515050167224111      0.652078291861273640     
   3.66220735785953222      0.830487117954687992     
   3.77926421404682333       1.10337748092496790     
   3.89632107023411400       1.54120099477435013     
   4.01337792642140467       2.27907425579157508     
   4.13043478260869623       3.55252288724734644     
   4.24749163879598690       5.53156303736107891     
   4.36454849498327846       7.19714305194816806     
   4.48160535117056913       6.37234772714745734     
   4.59866220735785980       4.26453761450418156     
   4.71571906354515136       2.69998202650805519     
   4.83277591973244203       1.77793966515044333     
   4.94983277591973270       1.23778492486664349     
   5.06688963210702425      0.906350583704675916     
   5.18394648829431492      0.692076790688313626     
   5.30100334448160559      0.546876689475382816     
   5.41806020066889715      0.444464305760928435     
   5.53511705685618782      0.369760034897535950     
   5.65217391304347849      0.313704208887047864     
   5.76923076923077005      0.270623494929737696     
   5.88628762541806072      0.236833219130279993     
   6.00334448160535139      0.209862698929675684     
   6.12040133779264295      0.188008303060048704     
   6.23745819397993362      0.170066071841953215     
   6.35451505016722429      0.155166474615707067     
   6.47157190635451585      0.142669274653928285     
   6.58862876254180652      0.132094870555049010     
   6.70568561872909719      0.123078395709680724     
   6.82274247491638874      0.115338376968106920     
   6.93979933110367941      0.108654921197660820     
   7.05685618729097008      0.102854267064020122     
   7.17391304347826164      0.977976698991262910E-01 
   7.29096989966555231      0.933732874649250699E-01 
   7.40802675585284298      0.894901770607795105E-01 
   7.52508361204013454      0.860737998500242935E-01 
   7.64214046822742521      0.830626156703042628E-01 
   7.75919732441471588      0.804054766770378460E-01 
   7.87625418060200744      0.780596129595620969E-01 
   7.99331103678929811      0.759890615729076763E-01 
   8.11036789297658878      0.741634310556627124E-01 
   8.22742474916388034      0.725569221685292559E-01 
   8.34448160535117189      0.711475460479288474E-01 
   8.46153846153846168      0.699164957324696634E-01 
   8.57859531772575323      0.688476377826110347E-01 
   8.69565217391304479      0.679270986355484663E-01 
   8.81270903010033457      0.671429262211692829E-01 
   8.92976588628762613      0.664848117727731280E-01 
   9.04682274247491769      0.659438600952893944E-01 
   9.16387959866220747      0.655123990874599965E-01 
   9.28093645484949903      0.651838212571081155E-01 
   9.39799331103679059      0.649524514685720505E-01 
   9.51505016722408037      0.648134363273686342E-01 
   9.63210702341137193      0.647626515194423269E-01 
   9.74916387959866348      0.647966241406937593E-01 
   9.86622073578595327      0.649124676216205065E-01 
   9.98327759197324482      0.651078273056269474E-01 
   10.1003344481605364      0.653808351035298913E-01 
   10.2173913043478262      0.657300719406218592E-01 
   10.3344481605351177      0.661545369514582871E-01 
   10.4515050167224093      0.666536225729999904E-01 
   10.5685618729096991      0.672270948479909008E-01 
   10.6856187290969906      0.678750783846326367E-01 
   10.8026755852842822      0.685980455313916077E-01 
   10.9197324414715720      0.693968094216450143E-01 
   11.0367892976588635      0.702725206254541518E-01 
   11.1538461538461551      0.712266672179939636E-01 
   11.2709030100334449      0.722610781384682155E-01 
   11.3879598662207364      0.733779297717144091E-01 
   11.5050167224080280      0.745797557388536980E-01 
   11.6220735785953178      0.758694599347302517E-01 
   11.7391304347826093      0.772503328998125627E-01 
   11.8561872909699009      0.787260716638665675E-01 
   11.9732441471571907      0.803008032491490248E-01 
   12.0903010033444822      0.819791120731418466E-01 
   12.2073578595317738      0.837660715459862537E-01 
   12.3244147157190636      0.856672802167776359E-01 
   12.4414715719063551      0.876889028868138298E-01 
   12.5585284280936467      0.898377171777978850E-01 
   12.6755852842809364      0.921211661200283527E-01 
   12.7926421404682280      0.945474174109183219E-01 
   12.9096989966555196      0.971254300890005834E-01 
   13.0267558528428093      0.998650294741462025E-01 
   13.1438127090301009      0.102776991342314342     
   13.2608695652173925      0.105873136433963747     
   13.3779264214046822      0.109166436540394735     
   13.4949832775919738      0.112671133572573176     
   13.6120401337792654      0.116402873192822068     
   13.7290969899665569      0.120378854780836250     
   13.8461538461538467      0.124617999710341446     
   13.9632107023411383      0.129141140128288506     
   14.0802675585284298      0.133971230649113343     
   14.1973244147157196      0.139133585593072512     
   14.3143812709030112      0.144656144595415426     
   14.4314381270903027      0.150569769570123690     
   14.5484949832775925      0.156908576095291463     
   14.6655518394648841      0.163710302248968792     
   14.7826086956521756      0.171016717695188225     
   14.8996655518394654      0.178874075300962249     
   15.0167224080267570      0.187333606616045700     
   15.1337792642140485      0.196452060971020054     
   15.2508361204013383      0.206292285470568076     
   15.3678929765886298      0.216923839396395757     
   15.4849498327759214      0.228423630964296853     
   15.6020066889632112      0.240876556289456256     
   15.7190635451505027      0.254376108844343307     
   15.8361204013377943      0.269024911373698550     
   15.9531772575250841      0.284935099510099932     
   16.0702341137123739      0.302228455124196382     
   16.1872909698996672      0.321036145211105739     
   16.3043478260869570      0.341497865968956871     
   16.4214046822742468      0.363760118726085879     
   16.5384615384615401      0.387973252220611464     
   16.6555183946488299      0.414286794136639824     
   16.7725752508361197      0.442842467912668347     
   16.8896321070234130      0.473764161324419064     
   17.0066889632107028      0.507144008583610750     
   17.1237458193979926      0.543023718340424288     
   17.2408026755852859      0.581370409988469228     
   17.3578595317725757      0.622046635335594011     
   17.4749163879598655      0.664775126435867336     
   17.5919732441471588      0.709100298995758771     
   17.7090301003344486      0.754350766135996276     
   17.8260869565217419      0.799609983722841533     
   17.9431438127090317      0.843705146385315463     
   18.0602006688963215      0.885226465509736160     
   18.1772575250836148      0.922588268569981773     
   18.2943143812709046      0.954138122504429753     
   18.4113712374581944      0.978309554665518277     
   18.5284280936454877      0.993799509071668585     
   18.6454849498327775      0.999738191517600128     
   18.7625418060200673      0.995813085790961727     
   18.8795986622073606      0.982315691230317589     
   18.9966555183946504      0.960098451540556286     
   19.1137123745819402      0.930453440845826929     
   19.2307692307692335      0.894943684817652962     
   19.3478260869565233      0.855225324903136297     
   19.4648829431438131      0.812893414143388782     
   19.5819397993311064      0.769370829395081501     
   19.6989966555183962      0.725845272833582800     
   19.8160535117056860      0.683248495362892561     
   19.9331103678929793      0.642266418792943661     
   20.0501672240802691      0.603367987363094049     
   20.1672240802675589      0.566842516589430079     
   20.2842809364548522      0.532838291284900456     
   20.4013377926421420      0.501398050344438295     
   20.5183946488294318      0.472489251946290933     
   20.6354515050167251      0.446028530723236005     
   20.7525083612040149      0.421900644818640258     
   20.8695652173913047      0.399972640638907861     
   20.9866220735785980      0.380104102231578533     
   21.1036789297658878      0.362154327626645456     
   21.2207357859531776      0.345987171723869003     
   21.3377926421404709      0.331474166221323918     
   21.4548494983277607      0.318496399810548947     
   21.5719063545150505      0.306945529535649742     
   21.6889632107023438      0.296724201227698547     
   21.8060200668896336      0.287746083090870075     
   21.9230769230769234      0.279935659549153615     
   22.0401337792642167      0.273227889381291000     
   22.1571906354515065      0.267567800007951884     
   22.2742474916387962      0.262910065900884449     
   22.3913043478260896      0.259218601220831846     
   22.5083612040133794      0.256466183111235924     
   22.6254180602006691      0.254634111050557332     
   22.7424749163879625      0.253711898005368752     
   22.8595317725752523      0.253696979689101043     
   22.9765886287625420      0.254594417957469399     
   23.0936454849498354      0.256416562230864287     
   23.2107023411371252      0.259182617810751914     
   23.3277591973244149      0.262918051095085925     
   23.4448160535117083      0.267653738245065886     
   23.5618729096989981      0.273424735573848721     
   23.6789297658862878      0.280268517654476301     
   23.7959866220735812      0.288222495716884353     
   23.9130434782608710      0.297320600537023527     
   24.0301003344481607      0.307588702115594470     
   24.1471571906354541      0.319038661502176912     
   24.2642140468227439      0.331660894810082540     
   24.3812709030100336      0.345415508824448658     
   24.4983277591973270      0.360222373098278981     
   24.6153846153846168      0.375950937003479924     
   24.7324414715719065      0.392411144691577285     
   24.8494983277591999      0.409347325524543615     
   24.9665551839464896      0.426437221103632025     
   25.0836120401337794      0.443298072041382329     
   25.2006688963210728      0.459500723145222445     
   25.3177257525083625      0.474591094068003372     
   25.4347826086956523      0.488116618685113579     
   25.5518394648829457      0.499654212451390467     
   25.6688963210702354      0.508836638806532071     
   25.7859531772575252      0.515375673542325163     
   25.9030100334448186      0.519082101108644500     
   26.0200668896321083      0.519882918992900955     
   26.1371237458193981      0.517834664934902378     
   26.2541806020066915      0.513129561881797036     
   26.3712374581939812      0.506090178940893476     
   26.4882943143812710      0.497149906123567631     
   26.6053511705685644      0.486820329110502437     
   26.7224080267558541      0.475650617541644671     
   26.8394648829431439      0.464186224379692813     
   26.9565217391304373      0.452933672052224123     
   27.0735785953177270      0.442335618320070012     
   27.1906354515050168      0.432757178360714201     
   27.3076923076923102      0.424481886467432123     
   27.4247491638795999      0.417714287907705761     
   27.5418060200668897      0.412585897015284253     
   27.6588628762541830      0.409161759004486314     
   27.7759197324414728      0.407445707312573291     
   27.8929765886287626      0.407383344727198060     
   28.0100334448160559      0.408862673309463298     
   28.1270903010033457      0.411713124451619894     
   28.2441471571906355      0.415704476515617039     
   28.3612040133779288      0.420547714578583420     
   28.4782608695652186      0.425900114394290596     
   28.5953177257525084      0.431376495211188427     
   28.7123745819398017      0.436567530609355325     
   28.8294314381270915      0.441064338325247773     
   28.9464882943143813      0.444486769291661921     
   29.0635451505016746      0.446511611460115920     
   29.1806020066889644      0.446896877264161163     
   29.2976588628762542      0.445499399446365407     
   29.4147157190635475      0.442284402894543516     
   29.5317725752508373      0.437326719304153733     
   29.6488294314381271      0.430803630288348005     
   29.7658862876254204      0.422979487020206768     
   29.8829431438127102      0.414182952787223724     
   30.0000000000000000      0.404779046737667347     
