-5.000000 0.026778
-4.900000 0.027636
-4.800000 0.028540
-4.700000 0.029495
-4.600000 0.030503
-4.500000 0.031571
-4.400000 0.032701
-4.300000 0.033900
-4.200000 0.035174
-4.100000 0.036529
-4.000000 0.037972
-3.900000 0.039511
-3.800000 0.041155
-3.700000 0.042916
-3.600000 0.044803
-3.500000 0.046830
-3.400000 0.049013
-3.300000 0.051366
-3.200000 0.053910
-3.100000 0.056667
-3.000000 0.059661
-2.900000 0.062921
-2.800000 0.066482
-2.700000 0.070381
-2.600000 0.074665
-2.500000 0.079388
-2.400000 0.084613
-2.300000 0.090416
-2.200000 0.096888
-2.100000 0.104138
-2.000000 0.112298
-1.900000 0.121533
-1.800000 0.132042
-1.700000 0.144075
-1.600000 0.157947
-1.500000 0.174058
-1.400000 0.192924
-1.300000 0.215216
-1.200000 0.241823
-1.100000 0.273942
-1.000000 0.313206
-0.900000 0.361899
-0.800000 0.423276
-0.700000 0.502099
-0.600000 0.605523
-0.500000 0.744641
-0.400000 0.937240
-0.300000 1.212864
-0.200000 1.622242
-0.100000 2.254116
0.000000 3.258445
0.100000 4.832999
0.200000 6.933003
0.300000 8.385795
0.400000 7.570919
0.500000 5.476900
0.600000 3.700575
0.700000 2.537745
0.800000 1.809733
0.900000 1.344640
1.000000 1.036636
1.100000 0.825119
1.200000 0.675113
1.300000 0.565811
1.400000 0.484402
1.500000 0.422726
1.600000 0.375429
1.700000 0.338910
1.800000 0.310689
1.900000 0.289041
2.000000 0.272751
2.100000 0.260972
2.200000 0.253124
2.300000 0.248839
2.400000 0.247923
2.500000 0.250334
2.600000 0.256184
2.700000 0.265750
2.800000 0.279498
2.900000 0.298136
3.000000 0.322690
3.100000 0.354636
3.200000 0.396090
3.300000 0.450138
3.400000 0.521353
3.500000 0.616694
3.600000 0.747061
3.700000 0.930103
3.800000 1.195413
3.900000 1.594150
4.000000 2.215630
4.100000 3.205764
4.200000 4.722504
4.300000 6.545014
4.400000 7.341611
4.500000 6.179295
4.600000 4.405929
4.700000 3.085215
4.800000 2.287825
4.900000 1.862720
5.000000 1.708382
5.100000 1.778463
5.200000 1.985674
5.300000 2.046551
5.400000 1.733358
5.500000 1.286229
5.600000 0.936705
5.700000 0.703969
5.800000 0.550548
5.900000 0.446032
6.000000 0.371938
6.100000 0.317476
6.200000 0.276216
6.300000 0.244191
6.400000 0.218860
6.500000 0.198542
6.600000 0.182091
6.700000 0.168713
6.800000 0.157848
6.900000 0.149105
7.000000 0.142221
7.100000 0.137036
7.200000 0.133480
7.300000 0.131582
7.400000 0.131486
7.500000 0.133487
7.600000 0.138113
7.700000 0.146263
7.800000 0.159471
7.900000 0.180391
8.000000 0.213592
8.100000 0.266234
8.200000 0.344784
8.300000 0.436153
8.400000 0.493445
8.500000 0.496439
8.600000 0.460520
8.700000 0.423568
8.800000 0.415388
8.900000 0.417286
9.000000 0.414215
9.100000 0.435524
9.200000 0.509647
9.300000 0.648326
9.400000 0.820681
9.500000 0.930795
9.600000 0.972547
9.700000 1.011370
9.800000 0.987013
9.900000 0.831292
10.000000 0.647970
10.100000 0.531645
10.200000 0.483083
10.300000 0.453688
10.400000 0.394850
10.500000 0.327582
10.600000 0.283935
10.700000 0.266506
10.800000 0.268625
10.900000 0.282660
11.000000 0.283864
11.100000 0.257431
11.200000 0.229518
11.300000 0.219197
11.400000 0.227403
11.500000 0.245647
11.600000 0.266865
11.700000 0.304454
11.800000 0.374017
11.900000 0.458963
12.000000 0.487730
12.100000 0.437129
12.200000 0.384055
12.300000 0.375545
12.400000 0.419369
12.500000 0.503299
12.600000 0.571855
12.700000 0.578268
12.800000 0.572364
12.900000 0.572634
13.000000 0.545107
13.100000 0.522644
13.200000 0.523355
13.300000 0.491116
13.400000 0.413454
13.500000 0.334004
13.600000 0.272576
13.700000 0.229648
13.800000 0.197635
13.900000 0.174153
14.000000 0.162118
14.100000 0.162481
14.200000 0.176608
14.300000 0.207909
14.400000 0.256979
14.500000 0.303086
14.600000 0.308452
14.700000 0.281972
14.800000 0.256738
14.900000 0.249821
15.000000 0.257800
15.100000 0.257075
15.200000 0.239893
15.300000 0.224878
15.400000 0.221745
15.500000 0.236360
15.600000 0.277384
15.700000 0.354429
15.800000 0.469888
15.900000 0.586581
16.000000 0.631131
16.100000 0.587512
16.200000 0.501972
16.300000 0.433171
16.400000 0.402088
16.500000 0.386862
16.600000 0.378022
16.700000 0.366027
16.800000 0.330647
16.900000 0.289233
17.000000 0.264906
17.100000 0.259267
17.200000 0.255034
17.300000 0.245877
17.400000 0.246270
17.500000 0.261689
17.600000 0.282879
17.700000 0.289879
17.800000 0.275548
17.900000 0.260363
18.000000 0.263221
18.100000 0.289320
18.200000 0.340994
18.300000 0.411098
18.400000 0.492642
18.500000 0.587575
18.600000 0.683585
18.700000 0.765104
18.800000 0.758963
18.900000 0.641017
19.000000 0.513518
19.100000 0.424025
19.200000 0.371559
19.300000 0.343207
19.400000 0.328329
19.500000 0.330518
19.600000 0.343925
19.700000 0.345892
19.800000 0.336892
19.900000 0.347647
20.000000 0.382412
20.100000 0.407046
20.200000 0.402693
20.300000 0.384563
20.400000 0.348299
20.500000 0.301028
20.600000 0.265461
20.700000 0.248978
20.800000 0.244364
20.900000 0.245173
21.000000 0.247801
21.100000 0.249397
21.200000 0.260177
21.300000 0.289579
21.400000 0.338361
21.500000 0.391229
21.600000 0.404788
21.700000 0.367473
21.800000 0.326448
21.900000 0.312407
22.000000 0.327432
22.100000 0.360861
22.200000 0.404901
22.300000 0.464165
22.400000 0.541719
22.500000 0.614738
22.600000 0.652976
22.700000 0.665014
22.800000 0.658273
22.900000 0.614127
23.000000 0.566387
23.100000 0.549278
23.200000 0.526861
23.300000 0.468386
23.400000 0.397856
23.500000 0.349195
23.600000 0.328893
23.700000 0.330224
23.800000 0.336866
23.900000 0.334919
24.000000 0.331725
24.100000 0.340681
24.200000 0.352744
24.300000 0.347348
24.400000 0.339920
24.500000 0.348509
24.600000 0.348306
24.700000 0.310528
24.800000 0.259354
24.900000 0.222028
25.000000 0.203478
25.100000 0.199347
25.200000 0.198776
25.300000 0.195948
25.400000 0.192422
25.500000 0.187534
25.600000 0.183023
25.700000 0.182959
25.800000 0.191172
25.900000 0.211680
26.000000 0.244165
26.100000 0.289125
26.200000 0.349105
26.300000 0.414382
26.400000 0.464317
26.500000 0.491089
26.600000 0.496155
26.700000 0.506682
26.800000 0.532542
26.900000 0.527009
27.000000 0.481058
27.100000 0.441834
27.200000 0.424899
27.300000 0.417397
27.400000 0.406485
27.500000 0.406115
27.600000 0.439261
27.700000 0.491862
27.800000 0.502588
27.900000 0.449068
28.000000 0.381801
28.100000 0.322884
28.200000 0.274301
28.300000 0.233735
28.400000 0.201980
28.500000 0.184037
28.600000 0.178578
28.700000 0.180286
28.800000 0.184479
28.900000 0.191633
29.000000 0.196691
29.100000 0.190951
29.200000 0.183119
29.300000 0.184801
29.400000 0.200227
29.500000 0.231955
29.600000 0.283462
29.700000 0.345447
29.800000 0.373522
29.900000 0.344586
30.000000 0.302081
30.100000 0.273862
30.200000 0.257428
30.300000 0.247233
30.400000 0.238347
30.500000 0.229026
30.600000 0.224887
30.700000 0.234245
30.800000 0.262013
30.900000 0.301727
31.000000 0.335714
31.100000 0.357596
31.200000 0.360986
31.300000 0.347739
31.400000 0.333879
31.500000 0.309735
31.600000 0.279390
31.700000 0.264811
31.800000 0.273999
31.900000 0.307899
32.000000 0.361496
32.100000 0.406855
32.200000 0.412639
32.300000 0.373752
32.400000 0.317775
32.500000 0.277043
32.600000 0.252892
32.700000 0.238455
32.800000 0.224225
32.900000 0.201365
33.000000 0.178347
33.100000 0.159775
33.200000 0.145403
33.300000 0.137113
33.400000 0.135940
33.500000 0.136928
33.600000 0.131409
33.700000 0.122326
33.800000 0.117149
33.900000 0.115584
34.000000 0.114648
34.100000 0.112564
34.200000 0.109589
34.300000 0.109447
34.400000 0.113077
34.500000 0.118154
34.600000 0.126197
34.700000 0.142145
34.800000 0.168904
34.900000 0.208352
