  0.000000000000000000E+00  0.457378487811263140E-01 
  0.167785234899328867      0.513759479053295040E-01 
  0.335570469798657733      0.584364868369772264E-01 
  0.503355704697986628      0.674544533369355603E-01 
  0.671140939597315467      0.792416394752161052E-01 
  0.838926174496644306      0.950761004567693274E-01 
   1.00671140939597326      0.117059515099383879     
   1.17449664429530198      0.148832797669299716     
   1.34228187919463093      0.197114264198266137     
   1.51006711409395988      0.275294368590759730     
   1.69999999999999996      0.438183529181496612     
   1.76666666666666661      0.530490710664605847     
   1.83333333333333326      0.653574946624868480     
   1.89999999999999991      0.820835445148124121     
   1.96666666666666656       1.05190115013409091     
   2.03333333333333321       1.37375073683342697     
   2.09999999999999964       1.81631277076449527     
   2.16666666666666652       2.38809410082899376     
   2.23333333333333339       3.00895832202933633     
   2.29999999999999982       3.43781656113145306     
   2.39999999999999991       3.21549521248421000     
   2.53684210526315779       2.03907597181410782     
   2.67368421052631566       1.20749392080783768     
   2.81052631578947354      0.770374054747309689     
   2.94736842105263142      0.535683732045647121     
   3.08421052631578929      0.400788010135955219     
   3.22105263157894717      0.318441752317045912     
   3.35789473684210504      0.266017542083386349     
   3.49473684210526336      0.231950199771962073     
   3.63157894736842124      0.209977344203406024     
   3.76842105263157912      0.196569829451937628     
   3.90526315789473699      0.189715959633009440     
   4.04210526315789487      0.188318778230378597     
   4.17894736842105274      0.191893444363395199     
   4.31578947368421062      0.200428763371641616     
   4.45263157894736850      0.214359299558800315     
   4.58947368421052637      0.234644083049945051     
   4.72631578947368425      0.262994193302793500     
   4.86315789473684212      0.302354861362135574     
   5.00000000000000000      0.357856824937967610     
   5.00000000000000000      0.357856824937967610     
   5.00000000000000000      0.357856824937967610     
   5.09999999999999964      0.413663355765150620     
   5.22222222222222232      0.508992954801737785     
   5.22222222222222232      0.508992954801737785     
   5.29999999999999982      0.592892171311169669     
   5.44444444444444464      0.829526353443174824     
   5.44444444444444464      0.829526353443174824     
   5.50000000000000000      0.964582855077703027     
   5.66666666666666696       1.66370668677817291     
   5.66666666666666696       1.66370668677817291     
   5.70000000000000018       1.89249630468558250     
   5.88888888888888928       4.55361370723921510     
   5.88888888888888928       4.55361370723921510     
   5.90000000000000036       4.82783191505129672     
   6.11111111111111072       10.6014104553526689     
   6.20000000000000018       8.52064862115634369     
   6.33333333333333304       4.37446275097719539     
   6.40000000000000036       3.14585331521867406     
   6.55555555555555536       1.63870857596634556     
   6.60000000000000053       1.39921999632677219     
   6.77777777777777768      0.819373647367251490     
   6.79999999999999982      0.773310771070883196     
   7.00000000000000000      0.491647371859490756     
   7.00000000000000000      0.491647371859490756     
   7.20000000000000018      0.343316183460930791     
   7.40000000000000036      0.255894650323106765     
   7.59999999999999964      0.199475177581331875     
   7.79999999999999982      0.160258922125290637     
   8.00000000000000000      0.131588472060581829     
   10.0000000000000000      0.824255026600748397E-01 
   11.0714285714285712      0.821942797881484444E-01 
   12.1428571428571423      0.843553989952704336E-01 
   13.2142857142857135      0.911909610655369657E-01 
   14.2857142857142847      0.108379924441952963     
   15.3571428571428577      0.138144957065606172     
   16.4285714285714270      0.194676832485302154     
   17.5000000000000000      0.314059855465146420     
   18.5714285714285694      0.589065329374705571     
   19.6428571428571423      0.943449847560837829     
   20.7142857142857153      0.898270416643844327     
   21.7857142857142847      0.492635026055140479     
   22.8571428571428577      0.333008733010200286     
   23.9285714285714270      0.311863859493486884     
   25.0000000000000000      0.388661632785187228     
