  -5.00000000000000000      0.136843516730041819E-01 
  -4.89974937343358397      0.139322942633563953E-01 
  -4.79949874686716793      0.141873836846422453E-01 
  -4.69924812030075190      0.144499129480625439E-01 
  -4.59899749373433586      0.147201911259367520E-01 
  -4.49874686716791983      0.149985444773992260E-01 
  -4.39849624060150379      0.152853176713936877E-01 
  -4.29824561403508776      0.155808751170265353E-01 
  -4.19799498746867172      0.158856024125533218E-01 
  -4.09774436090225569      0.161999079256544077E-01 
  -3.99749373433583965      0.165242245192305810E-01 
  -3.89724310776942362      0.168590114387489609E-01 
  -3.79699248120300759      0.172047563792288001E-01 
  -3.69674185463659155      0.175619777523188161E-01 
  -3.59649122807017552      0.179312271766321370E-01 
  -3.49624060150375948      0.183130922176315235E-01 
  -3.39598997493734345      0.187081994069660451E-01 
  -3.29573934837092741      0.191172175753350536E-01 
  -3.19548872180451138      0.195408615377958474E-01 
  -3.09523809523809534      0.199798961760576307E-01 
  -2.99498746867167931      0.204351409688594459E-01 
  -2.89473684210526327      0.209074750291868812E-01 
  -2.79448621553884724      0.213978427160495983E-01 
  -2.69423558897243121      0.219072598990717625E-01 
  -2.59398496240601517      0.224368209665468197E-01 
  -2.49373433583959914      0.229877066822502538E-01 
  -2.39348370927318310      0.235611930136457714E-01 
  -2.29323308270676707      0.241586610747223799E-01 
  -2.19298245614035103      0.247816083512514282E-01 
  -2.09273182957393500      0.254316614056076598E-01 
  -1.99248120300751896      0.261105902935132939E-01 
  -1.89223057644110293      0.268203249674582797E-01 
  -1.79197994987468689      0.275629739927703210E-01 
  -1.69172932330827086      0.283408459644253910E-01 
  -1.59147869674185483      0.291564740883163906E-01 
  -1.49122807017543879      0.300126444831430497E-01 
  -1.39097744360902276      0.309124288725687070E-01 
  -1.29072681704260672      0.318592224772043069E-01 
  -1.19047619047619069      0.328567880892716409E-01 
  -1.09022556390977465      0.339093075284462664E-01 
 -0.989974937343358619      0.350214419470719794E-01 
 -0.889724310776942584      0.361984027919575310E-01 
 -0.789473684210526550      0.374460356584423691E-01 
 -0.689223057644110515      0.387709198170185379E-01 
 -0.588972431077694480      0.401804868890930202E-01 
 -0.488721804511278446      0.416831630442551972E-01 
 -0.388471177944862411      0.432885402513447657E-01 
 -0.288220551378446377      0.450075836278815153E-01 
 -0.187969924812030342      0.468528839182707317E-01 
 -0.877192982456143078E-01  0.488389667587682255E-01 
  0.125313283208017268E-01  0.509826738917335482E-01 
  0.112781954887217761      0.533036362055461571E-01 
  0.213032581453633796      0.558248648738829635E-01 
  0.313283208020049830      0.585734956326703733E-01 
  0.413533834586465865      0.615817333621962283E-01 
  0.513784461152881899      0.648880611074937885E-01 
  0.614035087719297934      0.685388016722808385E-01 
  0.714285714285713969      0.725901542937042177E-01 
  0.814536340852130003      0.771108787700031939E-01 
  0.914786967418546038      0.821858727666373162E-01 
   1.01503759398496207      0.879209975534745447E-01 
   1.11528822055137811      0.944496736063767800E-01 
   1.21553884711779414      0.101942024031934031     
   1.31578947368421018      0.110617747191058519     
   1.41604010025062621      0.120764547173809397     
   1.51629072681704224      0.132765012055180168     
   1.61654135338345828      0.147136611043020921     
   1.71679197994987431      0.164592547056906596     
   1.81704260651629035      0.186136620320630136     
   1.91729323308270638      0.213215113065872264     
   2.01754385964912242      0.247967153437207807     
   2.11779448621553845      0.293650533988751794     
   2.21804511278195449      0.355389934283794562     
   2.31829573934837052      0.441533472146116976     
   2.41854636591478656      0.566169873986802213     
   2.51879699248120259      0.753778782262673364     
   2.61904761904761862       1.04700773202944664     
   2.71929824561403466       1.51351110887217488     
   2.81954887218045069       2.21294593357081038     
   2.91979949874686673       2.98169923587953556     
   3.02005012531328276       3.17227696275663473     
   3.12030075187969880       2.55334136346674234     
   3.22055137844611483       1.78549903363703444     
   3.32080200501253087       1.23346984526073422     
   3.42105263157894690      0.885925145312718501     
   3.52130325814536294      0.668799118387926952     
   3.62155388471177897      0.529504094522496097     
   3.72180451127819500      0.437308008983733523     
   3.82205513784461104      0.374659345273266428     
   3.92230576441102707      0.331320457728017589     
   4.02255639097744311      0.301124321640437828     
   4.12280701754385914      0.280233487011152582     
   4.22305764411027518      0.266191118039560373     
   4.32330827067669121      0.257388846447143285     
   4.42355889724310725      0.252758993325106762     
   4.52380952380952328      0.251591351408952571     
   4.62406015037593932      0.253421470587354133     
   4.72431077694235535      0.257961441561613061     
   4.82456140350877138      0.265056897916316828     
   4.92481203007518742      0.274660908604628232     
   5.02506265664160345      0.286819369962198187     
   5.12531328320801949      0.301664837123036433     
   5.22556390977443552      0.319417203375040690     
   5.32581453634085156      0.340390655404313902     
   5.42606516290726759      0.365007150582714629     
   5.52631578947368363      0.393817451357280482     
   5.62656641604009966      0.427531660546104572     
   5.72681704260651570      0.467062397209651786     
   5.82706766917293173      0.513585464932329289     
   5.92731829573934776      0.568625445986840880     
   6.02756892230576380      0.634177686032370555     
   6.12781954887217983      0.712884605507643238     
   6.22807017543859587      0.808294929532062459     
   6.32832080200501190      0.925252421970824454     
   6.42857142857142794       1.07049190233285851     
   6.52882205513784397       1.25357590876444824     
   6.62907268170426001       1.48840730411884503     
   6.72932330827067604       1.79574555589873852     
   6.82957393483709208       2.20752770508120100     
   6.92982456140350811       2.77453384929469848     
   7.03007518796992414       3.58039884398552566     
   7.13032581453634018       4.76769129740002739     
   7.23057644110275621       6.58544327891306147     
   7.33082706766917225       9.46254864427492470     
   7.43107769423558828       14.0288072584484653     
   7.53132832080200432       20.5386748530513508     
   7.63157894736842035       26.3716552015117003     
   7.73182957393483639       25.6517719051608069     
   7.83208020050125242       19.2745660572213211     
   7.93233082706766846       13.0534777147985597     
   8.03258145363408449       8.83779939336672871     
   8.13283208020050052       6.19221700238723383     
   8.23308270676691656       4.51229760507255895     
   8.33333333333333259       3.40716932203133438     
   8.43358395989974863       2.65170879458367814     
   8.53383458646616466       2.11666912850568356     
   8.63408521303258070       1.72578326006011928     
   8.73433583959899673       1.43244414403347031     
   8.83458646616541277       1.20715571914662334     
   8.93483709273182880       1.03063387254960204     
   9.03508771929824483      0.889894805642800615     
   9.13533834586466087      0.775963721072245136     
   9.23558897243107690      0.682489708779686330     
   9.33583959899749294      0.604883497207686721     
   9.43609022556390897      0.539766040679481460     
   9.53634085213032501      0.484607121710600039     
   9.63659147869674104      0.437483138141649130     
   9.73684210526315708      0.396911434683848069     
   9.83709273182957311      0.361734869545365711     
   9.93734335839598915      0.331040010289737591     
   10.0375939849624052      0.304098255968015999     
   10.1378446115288212      0.280322852720102544     
   10.2380952380952372      0.259237098609137254     
   10.3383458646616533      0.240450538791885007     
   10.4385964912280693      0.223640942343849514     
   10.5388471177944854      0.208540514026325327     
   10.6390977443609014      0.194925243511050950     
   10.7393483709273174      0.182606603732042100     
   10.8395989974937335      0.171425025587837537     
   10.9398496240601495      0.161244728356546685     
   11.0401002506265655      0.151949593802708033     
   11.1403508771929793      0.143439850336740296     
   11.2406015037593967      0.135629390724773188     
   11.3408521303258105      0.128443588894830138     
   11.4411027568922279      0.121817512607915290     
   11.5413533834586453      0.115694452143753249     
   11.6416040100250591      0.110024702800743002     
   11.7418546365914764      0.104764552434474120     
   11.8421052631578938      0.998754355439737257E-01 
   11.9423558897243076      0.953232233481006164E-01 
   12.0426065162907250      0.910776254537297852E-01 
   12.1428571428571388      0.871116835289019453E-01 
   12.2431077694235562      0.834013411750455097E-01 
   12.3433583959899735      0.799250771802069854E-01 
   12.4436090225563873      0.766635917089965035E-01 
   12.5438596491228047      0.735995368805929390E-01 
   12.6441102756892221      0.707172847073948840E-01 
   12.7443609022556359      0.680027265934532027E-01 
   12.8446115288220533      0.654430995852387232E-01 
   12.9448621553884671      0.630268353753778987E-01 
   13.0451127819548844      0.607434287200442850E-01 
   13.1453634085213018      0.585833224720103615E-01 
   13.2456140350877156      0.565378068769944375E-01 
   13.3458646616541330      0.545989311491770560E-01 
   13.4461152882205504      0.527594256471291606E-01 
   13.5463659147869642      0.510126332255048812E-01 
   13.6466165413533815      0.493524485500236110E-01 
   13.7468671679197953      0.477732643409943016E-01 
   13.8471177944862127      0.462699236599846140E-01 
   13.9473684210526301      0.448376774801394918E-01 
   14.0476190476190439      0.434721468871061773E-01 
   14.1478696741854613      0.421692893478215853E-01 
   14.2481203007518786      0.409253685612447913E-01 
   14.3483709273182924      0.397369274707012627E-01 
   14.4486215538847098      0.386007640736875284E-01 
   14.5488721804511236      0.375139097132967782E-01 
   14.6491228070175410      0.364736095771546016E-01 
   14.7493734335839584      0.354773051659961350E-01 
   14.8496240601503722      0.345226185256952145E-01 
   14.9498746867167895      0.336073380645012460E-01 
   15.0501253132832069      0.327294058021736925E-01 
   15.1503759398496207      0.318869059203101164E-01 
   15.2506265664160381      0.310780545041052601E-01 
   15.3508771929824519      0.303011903857402162E-01 
   15.4511278195488693      0.295547670193430090E-01 
   15.5513784461152866      0.288373453378902968E-01 
   15.6516290726817004      0.281475875646764627E-01 
   15.7518796992481178      0.274842519775925316E-01 
   15.8521303258145352      0.268461886555675404E-01 
   15.9523809523809490      0.262323362762087722E-01 
   16.0526315789473664      0.256417200865090454E-01 
   16.1528822055137802      0.250734512414111203E-01 
   16.2531328320801975      0.245267278087978845E-01 
   16.3533834586466149      0.240008378911501959E-01 
   16.4536340852130287      0.234951655411707420E-01 
   16.5538847117794461      0.230092004963923973E-01 
   16.6541353383458635      0.225425533023509090E-01 
   16.7543859649122773      0.220949782663690513E-01 
   16.8546365914786946      0.216664081152982057E-01 
   16.9548872180451085      0.212570066378711823E-01 
   17.0551378446115258      0.208672497494129007E-01 
   17.1553884711779432      0.204980527982140176E-01 
   17.2556390977443570      0.201509754266314652E-01 
   17.3558897243107744      0.198285607041522342E-01 
   17.4561403508771917      0.195349144236052789E-01 
   17.5563909774436055      0.192767276761861501E-01 
   17.6566416040100229      0.190651384776192052E-01 
   17.7568922305764367      0.189191897788026147E-01 
   17.8571428571428541      0.188721517403252111E-01 
   17.9573934837092715      0.189815065299348525E-01 
   18.0576441102756853      0.193335147961707981E-01 
   18.1578947368421026      0.199748718135361394E-01 
   18.2581453634085200      0.205882577574775698E-01 
   18.3583959899749338      0.203666081949817257E-01 
   18.4586466165413512      0.193438485472756348E-01 
   18.5588972431077650      0.183284390815551977E-01 
   18.6591478696741824      0.176165749343024560E-01 
   18.7593984962405997      0.171639100722923649E-01 
   18.8596491228070136      0.168958862856428086E-01 
   18.9598997493734309      0.167707573717641896E-01 
   19.0601503759398483      0.167767779677378435E-01 
   19.1604010025062621      0.169267329379390397E-01 
   19.2606516290726795      0.172594614756544423E-01 
   19.3609022556390933      0.178504724278713842E-01 
   19.4611528822055107      0.188351980174179100E-01 
   19.5614035087719280      0.204459950438189908E-01 
   19.6616541353383418      0.230201401496580573E-01 
   19.7619047619047592      0.266965527587537015E-01 
   19.8621553884711766      0.302012947499252183E-01 
   19.9624060150375904      0.310093936741056373E-01 
   20.0626566416040077      0.301718316380993560E-01 
   20.1629072681704216      0.308494667581820934E-01 
   20.2631578947368389      0.344874457256765573E-01 
   20.3634085213032563      0.410280025587321968E-01 
   20.4636591478696701      0.472677955652542449E-01 
   20.5639097744360875      0.485521025932838038E-01 
   20.6641604010025048      0.480912621634484311E-01 
   20.7644110275689187      0.504273451912928385E-01 
   20.8646616541353360      0.515735396922203963E-01 
   20.9649122807017498      0.452650854364873862E-01 
   21.0651629072681672      0.356285463928217123E-01 
   21.1654135338345846      0.280654905908353323E-01 
   21.2656641604009984      0.230667465803455311E-01 
   21.3659147869674158      0.196432201266449214E-01 
   21.4661654135338331      0.172125891195130231E-01 
   21.5664160401002469      0.155001030131184962E-01 
   21.6666666666666643      0.142818875535122760E-01 
   21.7669172932330781      0.133965664240833999E-01 
   21.8671679197994955      0.127443583872184976E-01 
   21.9674185463659128      0.122684205365467675E-01 
   22.0676691729323267      0.119417144308111688E-01 
   22.1679197994987440      0.117622334285964339E-01 
   22.2681704260651614      0.117560886340477982E-01 
   22.3684210526315752      0.119877893339214205E-01 
   22.4686716791979926      0.125642486024245114E-01 
   22.5689223057644064      0.135397299275132011E-01 
   22.6691729323308238      0.144722212755701999E-01 
   22.7694235588972411      0.142568645273842848E-01 
   22.8696741854636549      0.129440947090872678E-01 
   22.9699248120300723      0.116321933216140981E-01 
   23.0701754385964897      0.107144253506884970E-01 
   23.1704260651629035      0.101209764677484800E-01 
   23.2706766917293209      0.974087209748173127E-02 
   23.3709273182957347      0.950571068386914849E-02 
   23.4711779448621520      0.938398271653510807E-02 
   23.5714285714285694      0.937127987291240701E-02 
   23.6716791979949832      0.948862935742654425E-02 
   23.7719298245614006      0.978991664849924136E-02 
   23.8721804511278179      0.103764070893952514E-01 
   23.9724310776942318      0.113892762976366812E-01 
   24.0726817042606491      0.128160020894334190E-01 
   24.1729323308270629      0.138627993430442582E-01 
   24.2731829573934803      0.133439179977991283E-01 
   24.3734335839598977      0.119209183382892351E-01 
   24.4736842105263115      0.107885546817943542E-01 
   24.5739348370927289      0.101221368840464345E-01 
   24.6741854636591462      0.957203224909569141E-02 
   24.7744360902255600      0.895036577675922297E-02 
   24.8746867167919774      0.840730753624008374E-02 
   24.9749373433583912      0.801455019270453598E-02 
   25.0751879699248086      0.774028485473125197E-02 
   25.1754385964912260      0.754442237892329753E-02 
   25.2756892230576398      0.740037174746739461E-02 
   25.3759398496240571      0.729234361401025471E-02 
   25.4761904761904745      0.721108038028613150E-02 
   25.5764411027568883      0.715115714718033302E-02 
   25.6766917293233057      0.710948334111278623E-02 
   25.7769423558897195      0.708449200273414750E-02 
   25.8771929824561369      0.707571087241943945E-02 
   25.9774436090225542      0.708355618222233311E-02 
   26.0776942355889680      0.710927169267223068E-02 
   26.1779448621553854      0.715498130998059104E-02 
   26.2781954887218028      0.722385338795545392E-02 
   26.3784461152882166      0.732040057172306073E-02 
   26.4786967418546340      0.745096999433526169E-02 
   26.5789473684210478      0.762452552805679886E-02 
   26.6791979949874651      0.785390394437416629E-02 
   26.7794486215538825      0.815787278808889280E-02 
   26.8796992481202963      0.856459450399635596E-02 
   26.9799498746867137      0.911764173916462719E-02 
   27.0802005012531311      0.988678145641409562E-02 
   27.1804511278195449      0.109878446913190733E-01 
   27.2807017543859622      0.126196724644766023E-01 
   27.3809523809523760      0.151293510049504750E-01 
   27.4812030075187934      0.190963282887396798E-01 
   27.5814536340852108      0.252371105393354696E-01 
   27.6817042606516246      0.331186795180855153E-01 
   27.7819548872180420      0.378683577364656515E-01 
   27.8822055137844593      0.342388677444169917E-01 
   27.9824561403508731      0.268641744874237162E-01 
   28.0827067669172905      0.210791216994662932E-01 
   28.1829573934837043      0.176025311694813840E-01 
   28.2832080200501217      0.157858025289301226E-01 
   28.3834586466165391      0.151036434670145086E-01 
   28.4837092731829529      0.153150766017374753E-01 
   28.5839598997493702      0.164170226207659004E-01 
   28.6842105263157876      0.186213020858156967E-01 
   28.7844611528822014      0.222632732354015013E-01 
   28.8847117794486188      0.271005984407339763E-01 
   28.9849624060150326      0.306553050853493698E-01 
   29.0852130325814500      0.305245417157155655E-01 
   29.1854636591478673      0.294229605660667869E-01 
   29.2857142857142811      0.303793882505175921E-01 
   29.3859649122806985      0.343998721380155111E-01 
   29.4862155388471159      0.423598122502728694E-01 
   29.5864661654135297      0.561055248799835074E-01 
   29.6867167919799471      0.788275303086886647E-01 
   29.7869674185463609      0.113196010768661481     
   29.8872180451127782      0.150233682536598634     
   29.9874686716791956      0.157545454622819298     
   30.0877192982456094      0.125758691545870535     
   30.1879699248120268      0.877498287758095158E-01 
   30.2882205513784442      0.605323835619735661E-01 
   30.3884711779448580      0.432783852299679977E-01 
   30.4887218045112753      0.323560738452441498E-01 
   30.5889724310776892      0.252122355722195325E-01 
   30.6892230576441065      0.203539032874885898E-01 
   30.7894736842105239      0.169255976819478989E-01 
   30.8897243107769377      0.144259249012492980E-01 
   30.9899749373433551      0.125508632284321055E-01 
   31.0902255639097724      0.111094506815066340E-01 
   31.1904761904761862      0.997769381035615213E-02 
   31.2907268170426036      0.907262401811743772E-02 
   31.3909774436090174      0.833721437171084604E-02 
   31.4912280701754348      0.773132816974248481E-02 
   31.5914786967418522      0.722612440337498489E-02 
   31.6917293233082660      0.680050648948267358E-02 
   31.7919799498746833      0.643881546781970536E-02 
   31.8922305764411007      0.612930455118814929E-02 
   31.9924812030075145      0.586312180704211608E-02 
   32.0927318295739319      0.563364060513754303E-02 
   32.1929824561403457      0.543605106160070881E-02 
   32.2932330827067631      0.526718358835071704E-02 
   32.3934837092731804      0.512559392461362819E-02 
   32.4937343358395943      0.501198972527246937E-02 
   32.5939849624060116      0.492993988876433160E-02 
   32.6942355889724290      0.488528989278095953E-02 
   32.7944862155388428      0.487562524815450624E-02 
   32.8947368421052602      0.485916880215112382E-02 
   32.9949874686716740      0.478162421124855505E-02 
   33.0952380952380913      0.468187017642564349E-02 
   33.1954887218045087      0.461856031866821320E-02 
   33.2957393483709225      0.460764578182261408E-02 
   33.3959899749373399      0.465324024776783349E-02 
   33.4962406015037573      0.476642386168513003E-02 
   33.5964912280701711      0.497195501925317123E-02 
   33.6967418546365884      0.531650482045799375E-02 
   33.7969924812030023      0.588435354999632641E-02 
   33.8972431077694196      0.682233945675555283E-02 
   33.9974937343358370      0.834724481971200073E-02 
   34.0977443609022508      0.105484328390256198E-01 
   34.1979949874686682      0.125268495209832327E-01 
   34.2982456140350855      0.122527426532994367E-01 
   34.3984962406014994      0.100247765688044792E-01 
   34.4987468671679167      0.785169180964678196E-02 
   34.5989974937343305      0.637598936297951308E-02 
   34.6992481203007479      0.544893342189803863E-02 
   34.7994987468671653      0.486325834920005654E-02 
   34.8997493734335791      0.448633090163965721E-02 
   34.9999999999999964      0.424433490232764814E-02 
