0.000000 0.067417
0.100000 0.072972
0.200000 0.079349
0.300000 0.086726
0.400000 0.095332
0.500000 0.105466
0.600000 0.117525
0.700000 0.132042
0.800000 0.149750
0.900000 0.171672
1.000000 0.199275
1.100000 0.234708
1.200000 0.281219
1.300000 0.343861
1.400000 0.430781
1.500000 0.555574
1.600000 0.741676
1.700000 1.030037
1.800000 1.488632
1.900000 2.198681
2.000000 3.095306
2.100000 3.590639
2.200000 3.108999
2.300000 2.216568
2.400000 1.507554
2.500000 1.050649
2.600000 0.765011
2.700000 0.582413
2.800000 0.461711
2.900000 0.379385
3.000000 0.321821
3.100000 0.280908
3.200000 0.251655
3.300000 0.230915
3.400000 0.216666
3.500000 0.207614
3.600000 0.202956
3.700000 0.202253
3.800000 0.205361
3.900000 0.212417
4.000000 0.223866
4.100000 0.240550
4.200000 0.263882
4.300000 0.296170
4.400000 0.341220
4.500000 0.405456
4.600000 0.499911
4.700000 0.643034
4.800000 0.859676
4.900000 1.149589
5.000000 1.387053
5.100000 1.388319
5.200000 1.263709
5.300000 1.202474
5.400000 1.263520
5.500000 1.475757
5.600000 1.890378
5.700000 2.607706
5.800000 3.770641
5.900000 5.351047
6.000000 6.478582
6.100000 5.890088
6.200000 4.286750
6.300000 2.908509
6.400000 2.001683
6.500000 1.432480
6.600000 1.068103
6.700000 0.826308
6.800000 0.659932
6.900000 0.541755
7.000000 0.455603
7.100000 0.391552
7.200000 0.343327
7.300000 0.306888
7.400000 0.279619
7.500000 0.259889
7.600000 0.246823
7.700000 0.240230
7.800000 0.240699
7.900000 0.249916
8.000000 0.271287
8.100000 0.310828
8.200000 0.376551
8.300000 0.468067
8.400000 0.553664
8.500000 0.597914
8.600000 0.594374
8.700000 0.555407
8.800000 0.533497
8.900000 0.531173
9.000000 0.505817
9.100000 0.472970
9.200000 0.476266
9.300000 0.533703
9.400000 0.647386
9.500000 0.786596
9.600000 0.901612
9.700000 1.024932
9.800000 1.212540
9.900000 1.390402
10.000000 1.347732
10.100000 1.143714
10.200000 1.002776
10.300000 0.952578
10.400000 0.867774
10.500000 0.708027
10.600000 0.567245
10.700000 0.485272
10.800000 0.451274
10.900000 0.453160
11.000000 0.459643
11.100000 0.422348
11.200000 0.360390
11.300000 0.317646
11.400000 0.303354
11.500000 0.306507
11.600000 0.313987
11.700000 0.335338
11.800000 0.389805
11.900000 0.480528
12.000000 0.561516
12.100000 0.552954
12.200000 0.485446
12.300000 0.443889
12.400000 0.458649
12.500000 0.530213
12.600000 0.630235
12.700000 0.693154
12.800000 0.718032
12.900000 0.754992
13.000000 0.769034
13.100000 0.758576
13.200000 0.786056
13.300000 0.811650
13.400000 0.746158
13.500000 0.618642
13.600000 0.492906
13.700000 0.395732
13.800000 0.323290
13.900000 0.268048
14.000000 0.232090
14.100000 0.214807
14.200000 0.214929
14.300000 0.234030
14.400000 0.274196
14.500000 0.323709
14.600000 0.344645
14.700000 0.324641
14.800000 0.294291
14.900000 0.279894
15.000000 0.285004
15.100000 0.286776
15.200000 0.267842
15.300000 0.244580
15.400000 0.230842
15.500000 0.232130
15.600000 0.254899
15.700000 0.306193
15.800000 0.394235
15.900000 0.516386
16.000000 0.635764
16.100000 0.689028
16.200000 0.643046
16.300000 0.558357
16.400000 0.505927
16.500000 0.480673
16.600000 0.467620
16.700000 0.460231
16.800000 0.425939
16.900000 0.370318
17.000000 0.328086
17.100000 0.310977
17.200000 0.301172
17.300000 0.284066
17.400000 0.273940
17.500000 0.280881
17.600000 0.298411
17.700000 0.306612
17.800000 0.290807
17.900000 0.266675
18.000000 0.256104
18.100000 0.265125
18.200000 0.295469
18.300000 0.342814
18.400000 0.402042
18.500000 0.480736
18.600000 0.579596
18.700000 0.705823
18.800000 0.832844
18.900000 0.847115
19.000000 0.738232
19.100000 0.609366
19.200000 0.514048
19.300000 0.455768
19.400000 0.419872
19.500000 0.408203
19.600000 0.419509
19.700000 0.428263
19.800000 0.415058
19.900000 0.411148
20.000000 0.439521
20.100000 0.475014
20.200000 0.485233
20.300000 0.478477
20.400000 0.449568
20.500000 0.392684
20.600000 0.337908
20.700000 0.304763
20.800000 0.288435
20.900000 0.280628
21.000000 0.276522
21.100000 0.270410
21.200000 0.271044
21.300000 0.289043
21.400000 0.328080
21.500000 0.383369
21.600000 0.421582
21.700000 0.403448
21.800000 0.356351
21.900000 0.325406
22.000000 0.322699
22.100000 0.339359
22.200000 0.366622
22.300000 0.407671
22.400000 0.470827
22.500000 0.550859
22.600000 0.624262
22.700000 0.681023
22.800000 0.731007
22.900000 0.743485
23.000000 0.713466
23.100000 0.701246
23.200000 0.708702
23.300000 0.681476
23.400000 0.601519
23.500000 0.515121
23.600000 0.460774
23.700000 0.442000
23.800000 0.441705
23.900000 0.438283
24.000000 0.430946
24.100000 0.438707
24.200000 0.462179
24.300000 0.469823
24.400000 0.459300
24.500000 0.466653
24.600000 0.481947
24.700000 0.452856
24.800000 0.382497
24.900000 0.317967
25.000000 0.278440
25.100000 0.261582
25.200000 0.253325
25.300000 0.244033
25.400000 0.234338
25.500000 0.223059
25.600000 0.211371
25.700000 0.203814
25.800000 0.204189
25.900000 0.216211
26.000000 0.239135
26.100000 0.272871
26.200000 0.322091
26.300000 0.384538
26.400000 0.443822
26.500000 0.485701
26.600000 0.505266
26.700000 0.519833
26.800000 0.557385
26.900000 0.593370
27.000000 0.583239
27.100000 0.549444
27.200000 0.528172
27.300000 0.520866
27.400000 0.509812
27.500000 0.499381
27.600000 0.524983
27.700000 0.600142
27.800000 0.683659
27.900000 0.695473
28.000000 0.638674
28.100000 0.558802
28.200000 0.475873
28.300000 0.397727
28.400000 0.329721
28.500000 0.283942
28.600000 0.260309
28.700000 0.250605
28.800000 0.247255
28.900000 0.250073
29.000000 0.253898
29.100000 0.245275
29.200000 0.230673
29.300000 0.224943
29.400000 0.233882
29.500000 0.260242
29.600000 0.309425
29.700000 0.382228
29.800000 0.445949
29.900000 0.447416
30.000000 0.404884
30.100000 0.365586
30.200000 0.338901
30.300000 0.320070
30.400000 0.303073
30.500000 0.284260
30.600000 0.269684
30.700000 0.269171
30.800000 0.289109
30.900000 0.326149
31.000000 0.365154
31.100000 0.398423
31.200000 0.423943
31.300000 0.433869
31.400000 0.441146
31.500000 0.435621
31.600000 0.399148
31.700000 0.361746
31.800000 0.349840
31.900000 0.369617
32.000000 0.422109
32.100000 0.492869
32.200000 0.548737
32.300000 0.552465
32.400000 0.495321
32.500000 0.431736
32.600000 0.389735
32.700000 0.368063
32.800000 0.355242
32.900000 0.327986
33.000000 0.290102
33.100000 0.254848
33.200000 0.225807
33.300000 0.206499
33.400000 0.198484
33.500000 0.195526
33.600000 0.185304
33.700000 0.169908
33.800000 0.159715
33.900000 0.155231
34.000000 0.152479
34.100000 0.148570
34.200000 0.142543
34.300000 0.138861
34.400000 0.139570
34.500000 0.141850
34.600000 0.146699
34.700000 0.159445
34.800000 0.183177
34.900000 0.220103
35.000000 0.271288
35.100000 0.319602
35.200000 0.342598
35.300000 0.362389
35.400000 0.406294
35.500000 0.452773
35.600000 0.444076
35.700000 0.387168
35.800000 0.327799
35.900000 0.280121
36.000000 0.242411
36.100000 0.212671
36.200000 0.193518
36.300000 0.185740
36.400000 0.185659
36.500000 0.188504
36.600000 0.197059
36.700000 0.215350
36.800000 0.243527
36.900000 0.278086
37.000000 0.293583
37.100000 0.269881
37.200000 0.229803
37.300000 0.191348
37.400000 0.162023
37.500000 0.146772
37.600000 0.145214
37.700000 0.154075
37.800000 0.167931
37.900000 0.179763
38.000000 0.182787
38.100000 0.182803
38.200000 0.186611
38.300000 0.191237
38.400000 0.195910
38.500000 0.201374
38.600000 0.197477
38.700000 0.182179
38.800000 0.164166
38.900000 0.150778
39.000000 0.145897
39.100000 0.149822
39.200000 0.161773
39.300000 0.178522
39.400000 0.192454
39.500000 0.203253
39.600000 0.212436
39.700000 0.226893
39.800000 0.261848
39.900000 0.325147
