-5.000000 0.041274
-4.900000 0.042658
-4.800000 0.044116
-4.700000 0.045655
-4.600000 0.047281
-4.500000 0.048999
-4.400000 0.050819
-4.300000 0.052749
-4.200000 0.054796
-4.100000 0.056973
-4.000000 0.059291
-3.900000 0.061761
-3.800000 0.064400
-3.700000 0.067222
-3.600000 0.070245
-3.500000 0.073491
-3.400000 0.076983
-3.300000 0.080746
-3.200000 0.084811
-3.100000 0.089212
-3.000000 0.093989
-2.900000 0.099187
-2.800000 0.104858
-2.700000 0.111065
-2.600000 0.117879
-2.500000 0.125384
-2.400000 0.133681
-2.300000 0.142887
-2.200000 0.153146
-2.100000 0.164629
-2.000000 0.177543
-1.900000 0.192144
-1.800000 0.208745
-1.700000 0.227738
-1.600000 0.249615
-1.500000 0.275002
-1.400000 0.304704
-1.300000 0.339772
-1.200000 0.381596
-1.100000 0.432044
-1.000000 0.493671
-0.900000 0.570043
-0.800000 0.666248
-0.700000 0.789721
-0.600000 0.951641
-0.500000 1.169337
-0.400000 1.470587
-0.300000 1.901537
-0.200000 2.541415
-0.100000 3.528820
0.000000 5.097956
0.100000 7.557698
0.200000 10.838124
0.300000 13.107816
0.400000 11.836009
0.500000 8.566555
0.600000 5.793345
0.700000 3.978360
0.800000 2.842559
0.900000 2.117492
1.000000 1.637886
1.100000 1.309116
1.200000 1.076575
1.300000 0.907791
1.400000 0.782780
1.500000 0.688832
1.600000 0.617622
1.700000 0.563566
1.800000 0.522849
1.900000 0.492836
2.000000 0.471710
2.100000 0.458240
2.200000 0.451639
2.300000 0.451477
2.400000 0.457632
2.500000 0.470273
2.600000 0.489872
2.700000 0.517246
2.800000 0.553633
2.900000 0.600816
3.000000 0.661324
3.100000 0.738733
3.200000 0.838152
3.300000 0.966993
3.400000 1.136240
3.500000 1.362607
3.600000 1.672295
3.700000 2.107779
3.800000 2.740361
3.900000 3.693448
4.000000 5.182675
4.100000 7.560478
4.200000 11.207996
4.300000 15.587899
4.400000 17.470323
4.500000 14.589367
4.600000 10.201815
4.700000 6.870033
4.800000 4.739728
4.900000 3.400514
5.000000 2.534314
5.100000 1.952182
5.200000 1.546114
5.300000 1.253283
5.400000 1.035920
5.500000 0.870503
5.600000 0.741877
5.700000 0.639972
5.800000 0.557908
5.900000 0.490869
6.000000 0.435406
6.100000 0.389000
6.200000 0.349779
6.300000 0.316330
6.400000 0.287569
6.500000 0.262655
6.600000 0.240927
6.700000 0.221861
6.800000 0.205036
6.900000 0.190110
7.000000 0.176805
7.100000 0.164893
7.200000 0.154184
7.300000 0.144518
7.400000 0.135764
7.500000 0.127807
7.600000 0.120554
7.700000 0.113922
7.800000 0.107841
7.900000 0.102251
8.000000 0.097100
8.100000 0.092341
8.200000 0.087937
8.300000 0.083850
8.400000 0.080052
8.500000 0.076516
8.600000 0.073216
8.700000 0.070133
8.800000 0.067247
8.900000 0.064542
9.000000 0.062003
9.100000 0.059615
9.200000 0.057367
9.300000 0.055248
9.400000 0.053249
9.500000 0.051359
9.600000 0.049572
9.700000 0.047879
9.800000 0.046275
9.900000 0.044752
10.000000 0.043306
10.100000 0.041930
10.200000 0.040621
10.300000 0.039375
10.400000 0.038187
10.500000 0.037053
10.600000 0.035970
10.700000 0.034936
10.800000 0.033947
10.900000 0.033000
11.000000 0.032094
11.100000 0.031226
11.200000 0.030393
11.300000 0.029594
11.400000 0.028827
11.500000 0.028090
11.600000 0.027382
11.700000 0.026701
11.800000 0.026046
11.900000 0.025415
12.000000 0.024808
12.100000 0.024222
12.200000 0.023658
12.300000 0.023113
12.400000 0.022588
12.500000 0.022080
12.600000 0.021590
12.700000 0.021117
12.800000 0.020659
12.900000 0.020216
13.000000 0.019788
13.100000 0.019374
13.200000 0.018972
13.300000 0.018583
13.400000 0.018207
13.500000 0.017842
13.600000 0.017488
13.700000 0.017144
13.800000 0.016811
13.900000 0.016488
14.000000 0.016174
14.100000 0.015869
14.200000 0.015573
14.300000 0.015285
14.400000 0.015006
14.500000 0.014734
14.600000 0.014469
14.700000 0.014212
14.800000 0.013962
14.900000 0.013718
15.000000 0.013481
15.100000 0.013250
15.200000 0.013025
15.300000 0.012805
15.400000 0.012592
15.500000 0.012383
15.600000 0.012180
15.700000 0.011982
15.800000 0.011789
15.900000 0.011600
16.000000 0.011417
16.100000 0.011237
16.200000 0.011062
16.300000 0.010891
16.400000 0.010724
16.500000 0.010560
16.600000 0.010401
16.700000 0.010245
16.800000 0.010093
16.900000 0.009944
17.000000 0.009798
17.100000 0.009656
17.200000 0.009517
17.300000 0.009380
17.400000 0.009247
17.500000 0.009117
17.600000 0.008989
17.700000 0.008864
17.800000 0.008742
17.900000 0.008622
18.000000 0.008505
18.100000 0.008390
18.200000 0.008277
18.300000 0.008167
18.400000 0.008059
18.500000 0.007953
18.600000 0.007849
18.700000 0.007748
18.800000 0.007648
18.900000 0.007550
19.000000 0.007454
19.100000 0.007360
19.200000 0.007268
19.300000 0.007177
19.400000 0.007088
19.500000 0.007001
19.600000 0.006916
19.700000 0.006832
19.800000 0.006749
19.900000 0.006668
20.000000 0.006589
20.100000 0.006511
20.200000 0.006434
20.300000 0.006359
20.400000 0.006285
20.500000 0.006212
20.600000 0.006140
20.700000 0.006070
20.800000 0.006001
20.900000 0.005933
21.000000 0.005867
21.100000 0.005801
21.200000 0.005737
21.300000 0.005673
21.400000 0.005611
21.500000 0.005550
21.600000 0.005490
21.700000 0.005430
21.800000 0.005372
21.900000 0.005315
22.000000 0.005258
22.100000 0.005203
22.200000 0.005148
22.300000 0.005094
22.400000 0.005041
22.500000 0.004989
22.600000 0.004938
22.700000 0.004887
22.800000 0.004838
22.900000 0.004789
23.000000 0.004740
23.100000 0.004693
23.200000 0.004646
23.300000 0.004600
23.400000 0.004555
23.500000 0.004510
23.600000 0.004466
23.700000 0.004422
23.800000 0.004380
23.900000 0.004338
24.000000 0.004296
24.100000 0.004255
24.200000 0.004215
24.300000 0.004175
24.400000 0.004136
24.500000 0.004097
24.600000 0.004059
24.700000 0.004021
24.800000 0.003984
24.900000 0.003948
25.000000 0.003912
25.100000 0.003876
25.200000 0.003841
25.300000 0.003806
25.400000 0.003772
25.500000 0.003739
25.600000 0.003705
25.700000 0.003673
25.800000 0.003640
25.900000 0.003608
26.000000 0.003577
26.100000 0.003546
26.200000 0.003515
26.300000 0.003485
26.400000 0.003455
26.500000 0.003426
26.600000 0.003396
26.700000 0.003368
26.800000 0.003339
26.900000 0.003311
27.000000 0.003284
27.100000 0.003256
27.200000 0.003229
27.300000 0.003203
27.400000 0.003176
27.500000 0.003150
27.600000 0.003125
27.700000 0.003099
27.800000 0.003074
27.900000 0.003050
28.000000 0.003025
28.100000 0.003001
28.200000 0.002977
28.300000 0.002954
28.400000 0.002930
28.500000 0.002907
28.600000 0.002885
28.700000 0.002862
28.800000 0.002840
28.900000 0.002818
29.000000 0.002796
29.100000 0.002775
29.200000 0.002754
29.300000 0.002733
29.400000 0.002712
29.500000 0.002691
29.600000 0.002671
29.700000 0.002651
29.800000 0.002631
29.900000 0.002612
30.000000 0.002592
30.100000 0.002573
30.200000 0.002554
30.300000 0.002536
30.400000 0.002517
30.500000 0.002499
30.600000 0.002481
30.700000 0.002463
30.800000 0.002445
30.900000 0.002428
31.000000 0.002410
31.100000 0.002393
31.200000 0.002376
31.300000 0.002359
31.400000 0.002343
31.500000 0.002326
31.600000 0.002310
31.700000 0.002294
31.800000 0.002278
31.900000 0.002262
32.000000 0.002247
32.100000 0.002231
32.200000 0.002216
32.300000 0.002201
32.400000 0.002186
32.500000 0.002171
32.600000 0.002156
32.700000 0.002142
32.800000 0.002127
32.900000 0.002113
33.000000 0.002099
33.100000 0.002085
33.200000 0.002071
33.300000 0.002058
33.400000 0.002044
33.500000 0.002031
33.600000 0.002018
33.700000 0.002004
33.800000 0.001991
33.900000 0.001979
34.000000 0.001966
34.100000 0.001953
34.200000 0.001941
34.300000 0.001928
34.400000 0.001916
34.500000 0.001904
34.600000 0.001892
34.700000 0.001880
34.800000 0.001868
34.900000 0.001856
