0.75   0.00168
0.99652   0.00189
1.24304   0.00194
1.48955   0.00167
1.73607   0.00142
1.98259   0.00124
2.22911   0.00114
2.47563   0.00109
2.72214   0.00102
2.96866   0.001
3.21518   0.00099
3.4617   0.00101
3.70822   0.001
3.95474   0.001
4.20125   0.00099
4.44777   0.00099
4.69429   0.00102
4.94081   0.00102
5.18733   0.00102
5.43384   0.00107
5.68036   0.00107
5.92688   0.0011
6.1734   0.0011
6.41992   0.0011
6.66643   0.0011
6.91295   0.00113
7.15947   0.00113
7.40599   0.00113
7.65251   0.00116
7.89903   0.00121
8.14554   0.00122
8.39206   0.00122
8.63858   0.00125
8.8851   0.00125
9.13162   0.00125
9.37813   0.00128
9.62465   0.00134
9.87117   0.00134
10.1177   0.00137
10.3642   0.00137
10.6107   0.00138
10.8572   0.00141
11.1038   0.00146
11.3503   0.00147
11.5968   0.0015
11.8433   0.0015
12.0898   0.00154
12.3363   0.00159
12.5829   0.0016
12.8294   0.00163
13.0759   0.00163
13.3224   0.00172
13.5689   0.00173
13.8155   0.00176
14.062   0.00182
14.3085   0.00185
14.555   0.00186
14.8015   0.00195
15.048   0.00196
15.2946   0.002
15.5411   0.00206
15.7876   0.0021
16.0341   0.00211
16.2806   0.0022
16.5272   0.00224
16.7737   0.00231
17.0202   0.00236
17.2667   0.00245
17.5132   0.00247
17.7598   0.00258
18.0063   0.00268
18.2528   0.00271
18.4993   0.00282
18.7458   0.00294
18.9923   0.00301
19.2389   0.00314
19.4854   0.00328
19.7319   0.00343
19.9784   0.00356
20.2249   0.00373
20.4715   0.00393
20.718   0.00418
20.9645   0.00445
21.211   0.00476
21.4575   0.00519
21.704   0.00568
21.9506   0.00641
22.1971   0.00731
22.4436   0.00867
22.6901   0.01078
22.9366   0.01417
23.1832   0.02005
23.4297   0.02995
23.6762   0.04129
23.9227   0.04115
24.1692   0.03004
24.4157   0.02073
24.6623   0.01545
24.9088   0.01254
25.1553   0.01096
25.4018   0.01011
25.6483   0.00971
25.8949   0.00961
26.1414   0.00966
26.3879   0.00994
26.6344   0.0103
26.8809   0.01085
27.1274   0.01153
27.374   0.01233
27.6205   0.01333
27.867   0.01455
28.1135   0.01601
28.36   0.01781
28.6065   0.02006
28.8531   0.02286
29.0996   0.02642
29.3461   0.03116
29.5926   0.03749
29.8391   0.04627
30.0857   0.05908
30.3322   0.07859
30.5787   0.11015
30.8252   0.1643
31.0717   0.25952
31.3182   0.40138
31.5648   0.48122
31.8113   0.37906
32.0578   0.24243
32.3043   0.15567
32.5508   0.10694
32.7974   0.07886
33.0439   0.06194
33.2904   0.05127
33.5369   0.04448
33.7834   0.0402
34.0299   0.03771
34.2765   0.03656
34.523   0.03657
34.7695   0.03766
35.016   0.03994
35.2625   0.04364
35.5091   0.04916
35.7556   0.05719
36.0021   0.06913
36.2486   0.08736
36.4951   0.11666
36.7416   0.16622
36.9882   0.25257
37.2347   0.3853
37.4812   0.48161
37.7277   0.42331
37.9742   0.33195
38.2208   0.28464
38.4673   0.23561
38.7138   0.17104
38.9603   0.12332
39.2068   0.09471
39.4533   0.0776
39.6999   0.06692
39.9464   0.05951
40.1929   0.05387
40.4394   0.04973
40.6859   0.04661
40.9325   0.04429
41.179   0.04254
41.4255   0.04133
41.672   0.04059
41.9185   0.04035
42.165   0.04056
42.4116   0.04127
42.6581   0.04257
42.9046   0.04383
43.1511   0.04476
43.3976   0.04589
43.6442   0.04729
43.8907   0.04887
44.1372   0.0505
44.3837   0.05211
44.6302   0.05382
44.8767   0.05579
45.1233   0.05829
45.3698   0.06154
45.6163   0.0661
45.8628   0.07235
46.1093   0.07817
46.3558   0.07878
46.6024   0.07657
46.8489   0.07529
47.0954   0.0754
47.3419   0.07649
47.5884   0.0786
47.835   0.08222
48.0815   0.08813
48.328   0.09525
48.5745   0.09787
48.821   0.09659
49.0675   0.09687
49.3141   0.0986
49.5606   0.1018
49.8071   0.1072
50.0536   0.11434
50.3001   0.12272
50.5467   0.13238
50.7932   0.14131
51.0397   0.14544
51.2862   0.14691
51.5327   0.1487
51.7792   0.15092
52.0258   0.15389
52.2723   0.157
52.5188   0.15392
52.7653   0.14055
53.0118   0.12573
53.2584   0.11354
53.5049   0.10376
53.7514   0.09629
53.9979   0.09167
54.2444   0.09032
54.4909   0.0932
54.7375   0.09603
54.984   0.08864
55.2305   0.07565
55.477   0.06603
55.7235   0.0603
55.9701   0.05728
56.2166   0.0564
56.4631   0.05776
56.7096   0.06138
56.9561   0.06763
57.2026   0.07094
57.4492   0.06526
57.6957   0.05826
57.9422   0.05371
58.1887   0.05025
58.4352   0.0466
58.6818   0.04297
58.9283   0.04
59.1748   0.03772
59.4213   0.03621
59.6678   0.03542
59.9143   0.03566
60.1609   0.03745
60.4074   0.04082
60.6539   0.04387
60.9004   0.04579
61.1469   0.04749
61.3935   0.0463
61.64   0.04582
61.8865   0.04679
62.133   0.04453
62.3795   0.04219
62.626   0.04345
62.8726   0.04591
63.1191   0.04638
63.3656   0.04719
63.6121   0.04582
63.8586   0.04198
64.1051   0.03911
64.3517   0.03671
64.5982   0.03482
64.8447   0.0343
65.0912   0.03546
65.3377   0.03835
65.5843   0.04128
65.8308   0.04004
66.0773   0.03737
66.3238   0.03685
66.5703   0.03901
66.8169   0.04248
67.0634   0.04284
67.3099   0.04094
67.5564   0.04149
67.8029   0.04617
68.0494   0.05483
68.296   0.06095
68.5425   0.05655
68.789   0.04986
69.0355   0.04761
69.282   0.04763
69.5285   0.04503
69.7751   0.04209
70.0216   0.04102
70.2681   0.04066
70.5146   0.03999
70.7611   0.03978
71.0077   0.04021
71.2542   0.04165
71.5007   0.04471
71.7472   0.04941
71.9937   0.05113
72.2403   0.04629
72.4868   0.04088
72.7333   0.03754
72.9798   0.03582
73.2263   0.03476
73.4728   0.03386
73.7194   0.03332
73.9659   0.03326
74.2124   0.0334
74.4589   0.03392
74.7054   0.0348
74.9519   0.03646
75.1985   0.03916
75.445   0.04269
75.6915   0.04395
75.938   0.04182
76.1845   0.04091
76.4311   0.0412
76.6776   0.03824
76.9241   0.03335
77.1706   0.02964
77.4171   0.02737
77.6637   0.02605
77.9102   0.02548
78.1567   0.0256
78.4032   0.0265
78.6497   0.0278
78.8962   0.02857
79.1428   0.02827
79.3893   0.02654
79.6358   0.02488
79.8823   0.02389
80.1288   0.02349
80.3753   0.02348
80.6219   0.0238
80.8684   0.02423
81.1149   0.0253
81.3614   0.02756
81.6079   0.03157
81.8545   0.03599
82.101   0.03495
82.3475   0.02948
82.594   0.02507
82.8405   0.02238
83.0871   0.02092
83.3336   0.02032
83.5801   0.02035
83.8266   0.02066
84.0731   0.02125
84.3196   0.02214
84.5662   0.02406
84.8127   0.02733
85.0592   0.02903
85.3057   0.02629
85.5522   0.02296
85.7987   0.02084
86.0453   0.0197
86.2918   0.0189
86.5383   0.01837
86.7848   0.01824
87.0313   0.01832
87.2779   0.01828
87.5244   0.01815
87.7709   0.01828
88.0174   0.0186
88.2639   0.01841
88.5105   0.01772
88.757   0.01711
89.0035   0.01685
89.25   0.01694
