20   0.00147
20.201   0.00164
20.402   0.00186
20.603   0.00213
20.804   0.00246
21.005   0.00289
21.206   0.00346
21.407   0.00422
21.608   0.00528
21.809   0.0068
22.01   0.00909
22.2111   0.01263
22.4121   0.01826
22.6131   0.02687
22.8141   0.03723
23.0151   0.04186
23.2161   0.03525
23.4171   0.0249
23.6181   0.01697
23.8191   0.0119
24.0201   0.00873
24.2211   0.00669
24.4221   0.00534
24.6231   0.00441
24.8241   0.00376
25.0251   0.00329
25.2261   0.00295
25.4271   0.00271
25.6281   0.00253
25.8291   0.00241
26.0301   0.00233
26.2312   0.00229
26.4322   0.00228
26.6332   0.00229
26.8342   0.00234
27.0352   0.00241
27.2362   0.0025
27.4372   0.00263
27.6382   0.00279
27.8392   0.00298
28.0402   0.00321
28.2412   0.00349
28.4422   0.00383
28.6432   0.00425
28.8442   0.00475
29.0452   0.00536
29.2462   0.00612
29.4472   0.00707
29.6482   0.00829
29.8493   0.00986
30.0502   0.01193
30.2513   0.01474
30.4523   0.01866
30.6533   0.0243
30.8543   0.03274
31.0553   0.04583
31.2563   0.06667
31.4573   0.099
31.6583   0.14013
31.8593   0.16359
32.0603   0.14218
32.2613   0.10104
32.4623   0.06803
32.6633   0.04665
32.8643   0.03323
33.0653   0.02459
33.2663   0.01881
33.4673   0.01481
33.6683   0.01194
33.8693   0.00982
34.0703   0.00821
34.2714   0.00696
34.4724   0.00598
34.6734   0.00519
34.8744   0.00455
35.0754   0.00402
35.2764   0.00358
35.4774   0.00321
35.6784   0.00289
35.8794   0.00262
36.0804   0.00239
36.2814   0.00218
36.4824   0.00201
36.6834   0.00185
36.8844   0.00171
37.0854   0.00159
37.2864   0.00148
37.4874   0.00138
37.6884   0.00129
37.8894   0.00121
38.0904   0.00114
38.2915   0.00108
38.4925   0.00102
38.6935   0.00096
38.8945   0.00091
39.0955   0.00087
39.2965   0.00082
39.4975   0.00079
39.6985   0.00075
39.8995   0.00072
40.1005   0.00069
40.3015   0.00066
40.5025   0.00063
40.7035   0.00061
40.9045   0.00058
41.1055   0.00056
41.3065   0.00054
41.5075   0.00053
41.7085   0.00051
41.9096   0.00049
42.1106   0.00048
42.3116   0.00046
42.5126   0.00045
42.7136   0.00044
42.9146   0.00043
43.1156   0.00042
43.3166   0.00041
43.5176   0.00041
43.7186   0.00041
43.9196   0.00041
44.1206   0.00041
44.3216   0.00043
44.5226   0.00045
44.7236   0.00045
44.9246   0.00043
45.1256   0.0004
45.3266   0.00038
45.5276   0.00036
45.7286   0.00035
45.9297   0.00035
46.1307   0.00035
46.3317   0.00035
46.5327   0.00036
46.7337   0.00036
46.9347   0.00036
47.1357   0.00035
47.3367   0.00035
47.5377   0.00035
47.7387   0.00036
47.9397   0.00036
48.1407   0.00038
48.3417   0.0004
48.5427   0.00042
48.7437   0.00046
48.9447   0.00051
49.1457   0.00058
49.3467   0.00067
49.5477   0.00081
49.7487   0.00103
49.9498   0.00138
50.1508   0.00181
50.3518   0.00202
50.5528   0.00177
50.7538   0.00138
50.9548   0.0011
51.1558   0.00093
51.3568   0.00084
51.5578   0.00082
51.7588   0.00085
51.9598   0.00095
52.1608   0.00111
52.3618   0.00137
52.5628   0.00172
52.7638   0.00198
52.9648   0.00205
53.1658   0.00195
53.3668   0.00171
53.5678   0.00143
53.7688   0.00125
53.9699   0.00117
54.1709   0.00119
54.3719   0.0013
54.5729   0.0015
54.7739   0.00186
54.9749   0.00241
55.1759   0.00319
55.3769   0.00393
55.5779   0.00422
55.7789   0.00404
55.9799   0.00371
56.1809   0.00363
56.3819   0.00403
56.5829   0.00498
56.7839   0.00637
56.9849   0.00731
57.1859   0.00687
57.3869   0.00585
57.5879   0.00511
57.7889   0.00462
57.99   0.00415
58.191   0.00372
58.392   0.00352
58.593   0.00357
58.794   0.00387
58.995   0.0044
59.196   0.00481
59.397   0.00459
59.598   0.00378
59.799   0.0029
60   0.00228
