20   0.00055
20.201   0.00058
20.402   0.0006
20.603   0.00063
20.804   0.00066
21.005   0.00069
21.206   0.00073
21.407   0.00076
21.608   0.0008
21.809   0.00085
22.01   0.00089
22.2111   0.00095
22.4121   0.001
22.6131   0.00106
22.8141   0.00113
23.0151   0.00121
23.2161   0.00129
23.4171   0.00138
23.6181   0.00149
23.8191   0.00161
24.0201   0.00174
24.2211   0.00189
24.4221   0.00206
24.6231   0.00226
24.8241   0.0025
25.0251   0.00277
25.2261   0.0031
25.4271   0.00349
25.6281   0.00397
25.8291   0.00456
26.0301   0.0053
26.2312   0.00626
26.4322   0.00753
26.6332   0.00926
26.8342   0.01168
27.0352   0.01521
27.2362   0.02056
27.4372   0.02898
27.6382   0.04225
27.8392   0.06091
28.0402   0.07695
28.2412   0.07409
28.4422   0.05636
28.6432   0.03982
28.8442   0.02905
29.0452   0.02274
29.2462   0.0193
29.4472   0.01775
29.6482   0.01764
29.8493   0.01886
30.0502   0.02159
30.2513   0.02638
30.4523   0.03431
30.6533   0.04735
30.8543   0.06846
31.0553   0.09907
31.2563   0.12741
31.4573   0.12517
31.6583   0.09487
31.8593   0.06463
32.0603   0.044
32.2613   0.03102
32.4623   0.02277
32.6633   0.01733
32.8643   0.0136
33.0653   0.01095
33.2663   0.009
33.4673   0.00754
33.6683   0.00641
33.8693   0.00551
34.0703   0.0048
34.2714   0.00422
34.4724   0.00374
34.6734   0.00334
34.8744   0.003
35.0754   0.00272
35.2764   0.00247
35.4774   0.00226
35.6784   0.00207
35.8794   0.00191
36.0804   0.00176
36.2814   0.00164
36.4824   0.00152
36.6834   0.00142
36.8844   0.00133
37.0854   0.00125
37.2864   0.00117
37.4874   0.00111
37.6884   0.00105
37.8894   0.00099
38.0904   0.00094
38.2915   0.00089
38.4925   0.00085
38.6935   0.00081
38.8945   0.00077
39.0955   0.00074
39.2965   0.00071
39.4975   0.00068
39.6985   0.00065
39.8995   0.00062
40.1005   0.0006
40.3015   0.00058
40.5025   0.00056
40.7035   0.00054
40.9045   0.00052
41.1055   0.00051
41.3065   0.00049
41.5075   0.00048
41.7085   0.00046
41.9096   0.00045
42.1106   0.00044
42.3116   0.00043
42.5126   0.00042
42.7136   0.00041
42.9146   0.00041
43.1156   0.0004
43.3166   0.00039
43.5176   0.00039
43.7186   0.00039
43.9196   0.00038
44.1206   0.00038
44.3216   0.00039
44.5226   0.00039
44.7236   0.0004
44.9246   0.00042
45.1256   0.00044
45.3266   0.00048
45.5276   0.00053
45.7286   0.00062
45.9297   0.00072
46.1307   0.00083
46.3317   0.00097
46.5327   0.00117
46.7337   0.00128
46.9347   0.00116
47.1357   0.00091
47.3367   0.00072
47.5377   0.0006
47.7387   0.00053
47.9397   0.00049
48.1407   0.00046
48.3417   0.00046
48.5427   0.00046
48.7437   0.00048
48.9447   0.00051
49.1457   0.00054
49.3467   0.00059
49.5477   0.00067
49.7487   0.0008
49.9498   0.001
50.1508   0.00126
50.3518   0.0014
50.5528   0.00133
50.7538   0.0012
50.9548   0.00116
51.1558   0.00123
51.3568   0.00143
51.5578   0.00177
51.7588   0.00214
51.9598   0.0023
52.1608   0.00225
52.3618   0.00215
52.5628   0.00215
52.7638   0.00239
52.9648   0.00291
53.1658   0.00366
53.3668   0.00415
53.5678   0.00375
53.7688   0.00288
53.9699   0.00219
54.1709   0.00179
54.3719   0.0016
54.5729   0.00158
54.7739   0.00171
54.9749   0.00202
55.1759   0.00253
55.3769   0.00308
55.5779   0.00331
55.7789   0.00312
55.9799   0.00278
56.1809   0.00264
56.3819   0.00281
56.5829   0.00323
56.7839   0.00378
56.9849   0.00397
57.1859   0.00349
57.3869   0.00284
57.5879   0.0024
57.7889   0.00214
57.99   0.00199
58.191   0.00197
58.392   0.00212
58.593   0.00246
58.794   0.00295
58.995   0.00345
59.196   0.00374
59.397   0.00376
59.598   0.00373
59.799   0.00379
60   0.00408
