20   0.00064
20.201   0.00065
20.402   0.00066
20.603   0.00067
20.804   0.00069
21.005   0.0007
21.206   0.00071
21.407   0.00073
21.608   0.00074
21.809   0.00075
22.01   0.00077
22.2111   0.00078
22.4121   0.0008
22.6131   0.00082
22.8141   0.00083
23.0151   0.00085
23.2161   0.00087
23.4171   0.00089
23.6181   0.00091
23.8191   0.00093
24.0201   0.00095
24.2211   0.00098
24.4221   0.001
24.6231   0.00102
24.8241   0.00105
25.0251   0.00108
25.2261   0.0011
25.4271   0.00113
25.6281   0.00116
25.8291   0.0012
26.0301   0.00123
26.2312   0.00127
26.4322   0.0013
26.6332   0.00134
26.8342   0.00139
27.0352   0.00143
27.2362   0.00148
27.4372   0.00153
27.6382   0.00158
27.8392   0.00163
28.0402   0.00169
28.2412   0.00176
28.4422   0.00183
28.6432   0.0019
28.8442   0.00198
29.0452   0.00206
29.2462   0.00215
29.4472   0.00225
29.6482   0.00236
29.8493   0.00248
30.0502   0.00261
30.2513   0.00274
30.4523   0.0029
30.6533   0.00306
30.8543   0.00325
31.0553   0.00345
31.2563   0.00368
31.4573   0.00392
31.6583   0.0042
31.8593   0.0045
32.0603   0.00483
32.2613   0.00518
32.4623   0.00557
32.6633   0.00597
32.8643   0.0064
33.0653   0.00682
33.2663   0.00722
33.4673   0.0076
33.6683   0.00793
33.8693   0.00819
34.0703   0.0084
34.2714   0.00854
34.4724   0.00865
34.6734   0.00875
34.8744   0.00885
35.0754   0.00899
35.2764   0.00917
35.4774   0.00942
35.6784   0.00975
35.8794   0.01016
36.0804   0.01066
36.2814   0.01126
36.4824   0.01195
36.6834   0.01273
36.8844   0.01359
37.0854   0.01451
37.2864   0.01547
37.4874   0.01643
37.6884   0.01736
37.8894   0.01821
38.0904   0.01894
38.2915   0.0195
38.4925   0.01986
38.6935   0.01999
38.8945   0.01989
39.0955   0.01959
39.2965   0.01914
39.4975   0.01858
39.6985   0.01799
39.8995   0.01742
40.1005   0.01692
40.3015   0.01652
40.5025   0.01624
40.7035   0.01609
40.9045   0.01608
41.1055   0.01618
41.3065   0.01637
41.5075   0.01663
41.7085   0.01691
41.9096   0.01717
42.1106   0.01736
42.3116   0.01745
42.5126   0.01741
42.7136   0.01724
42.9146   0.01698
43.1156   0.01665
43.3166   0.01629
43.5176   0.01594
43.7186   0.01563
43.9196   0.01535
44.1206   0.01511
44.3216   0.01489
44.5226   0.01468
44.7236   0.01445
44.9246   0.01418
45.1256   0.01389
45.3266   0.01357
45.5276   0.01324
45.7286   0.01292
45.9297   0.01264
46.1307   0.01241
46.3317   0.01225
46.5327   0.01217
46.7337   0.01216
46.9347   0.01223
47.1357   0.01239
47.3367   0.0126
47.5377   0.01288
47.7387   0.01317
47.9397   0.01347
48.1407   0.01374
48.3417   0.01393
48.5427   0.01403
48.7437   0.01402
48.9447   0.01389
49.1457   0.01368
49.3467   0.0134
49.5477   0.0131
49.7487   0.0128
49.9498   0.01253
50.1508   0.01231
50.3518   0.01216
50.5528   0.01208
50.7538   0.01208
50.9548   0.01216
51.1558   0.01232
51.3568   0.01256
51.5578   0.01289
51.7588   0.01329
51.9598   0.01376
52.1608   0.01428
52.3618   0.01484
52.5628   0.01542
52.7638   0.01598
52.9648   0.01652
53.1658   0.017
53.3668   0.01742
53.5678   0.01776
53.7688   0.01803
53.9699   0.01825
54.1709   0.01843
54.3719   0.01861
54.5729   0.01884
54.7739   0.01914
54.9749   0.01956
55.1759   0.02012
55.3769   0.02085
55.5779   0.02174
55.7789   0.02283
55.9799   0.02412
56.1809   0.02561
56.3819   0.0273
56.5829   0.02922
56.7839   0.03136
56.9849   0.03372
57.1859   0.03628
57.3869   0.03901
57.5879   0.04181
57.7889   0.04457
57.99   0.04709
58.191   0.04918
58.392   0.05062
58.593   0.05123
58.794   0.05092
58.995   0.0497
59.196   0.04769
59.397   0.04509
59.598   0.0421
59.799   0.03895
60   0.03579
