20   0.01996
20.3518   0.02485
20.7035   0.03166
21.0553   0.04142
21.407   0.05584
21.7588   0.07749
22.1105   0.10944
22.4623   0.1512
22.8141   0.18726
23.1658   0.18796
23.5176   0.15262
23.8694   0.11075
24.2211   0.07851
24.5729   0.05666
24.9246   0.04215
25.2764   0.03237
25.6281   0.02559
25.9799   0.02078
26.3317   0.01728
26.6834   0.0147
27.0352   0.01277
27.3869   0.01134
27.7387   0.01029
28.0905   0.00957
28.4422   0.00914
28.794   0.009
29.1457   0.00918
29.4975   0.00976
29.8493   0.01088
30.201   0.0128
30.5528   0.01593
30.9045   0.02078
31.2563   0.02754
31.608   0.03424
31.9598   0.03577
32.3116   0.03035
32.6633   0.02274
33.0151   0.01655
33.3668   0.01226
33.7186   0.00938
34.0703   0.00742
34.4221   0.00604
34.7739   0.00504
35.1256   0.00429
35.4774   0.00372
35.8291   0.00327
36.1809   0.00291
36.5327   0.00261
36.8844   0.00237
37.2362   0.00216
37.5879   0.00199
37.9397   0.00184
38.2915   0.00171
38.6432   0.0016
38.995   0.0015
39.3467   0.00141
39.6985   0.00133
40.0502   0.00126
40.402   0.0012
40.7538   0.00114
41.1055   0.00109
41.4573   0.00104
41.809   0.001
42.1608   0.00096
42.5126   0.00093
42.8643   0.0009
43.2161   0.00087
43.5678   0.00085
43.9196   0.00082
44.2714   0.0008
44.6231   0.00079
44.9749   0.00077
45.3266   0.00076
45.6784   0.00075
46.0301   0.00075
46.3819   0.00074
46.7337   0.00074
47.0854   0.00075
47.4372   0.00076
47.7889   0.00078
48.1407   0.00081
48.4925   0.00085
48.8442   0.00092
49.196   0.00102
49.5477   0.00116
49.8995   0.00134
50.2513   0.00148
50.603   0.00148
50.9548   0.0014
51.3065   0.00134
51.6583   0.00136
52.01   0.00145
52.3618   0.00159
52.7136   0.00174
53.0653   0.00183
53.4171   0.00186
53.7688   0.00196
54.1206   0.00219
54.4724   0.00261
54.8241   0.00323
55.1759   0.00397
55.5276   0.00453
55.8794   0.00473
56.2312   0.00489
56.5829   0.00528
56.9347   0.00571
57.2864   0.00585
57.6382   0.00583
57.99   0.00574
58.3417   0.00558
58.6935   0.00549
59.0452   0.00545
59.397   0.00518
59.7487   0.00458
60.1005   0.004
60.4523   0.00364
60.804   0.00348
61.1558   0.00345
61.5075   0.00356
61.8593   0.0038
62.2111   0.00416
62.5628   0.00468
62.9146   0.0054
63.2663   0.00628
63.6181   0.00723
63.9699   0.00814
64.3216   0.00906
64.6734   0.00996
65.0251   0.01063
65.3769   0.01092
65.7286   0.01076
66.0804   0.01058
66.4322   0.01071
66.7839   0.0106
67.1357   0.00981
67.4874   0.00857
67.8392   0.00755
68.191   0.00714
68.5427   0.00736
68.8945   0.008
69.2462   0.00878
69.598   0.00937
69.9497   0.00959
70.3015   0.00959
70.6533   0.00979
71.005   0.0101
71.3568   0.00983
71.7085   0.00875
72.0603   0.00716
72.4121   0.00569
72.7638   0.0047
73.1156   0.00413
73.4673   0.0037
73.8191   0.00318
74.1709   0.00266
74.5226   0.00226
74.8744   0.00194
75.2261   0.00165
75.5779   0.00139
75.9296   0.00118
76.2814   0.00102
76.6332   0.0009
76.9849   0.0008
77.3367   0.00072
77.6884   0.00066
78.0402   0.0006
78.392   0.00056
78.7437   0.00052
79.0955   0.00049
79.4472   0.00046
79.799   0.00044
80.1508   0.00042
80.5025   0.0004
80.8543   0.00039
81.206   0.00038
81.5578   0.00037
81.9095   0.00037
82.2613   0.00036
82.6131   0.00035
82.9648   0.00035
83.3166   0.00034
83.6683   0.00033
84.0201   0.00032
84.3719   0.00031
84.7236   0.00031
85.0754   0.0003
85.4271   0.00029
85.7789   0.00028
86.1307   0.00027
86.4824   0.00027
86.8342   0.00027
87.1859   0.00028
87.5377   0.00028
87.8894   0.0003
88.2412   0.00031
88.593   0.00033
88.9447   0.00034
89.2965   0.00035
89.6482   0.00037
90   0.00038
