0.75  0
0.99652  0
1.24304  0
1.48955  0
1.73607  0
1.98259  0
2.22911  0
2.47563  0
2.72214  0
2.96866  0
3.21518  0
3.4617  0
3.70822  0
3.95474  0
4.20125 4e-05
4.44777 4e-05
4.69429 4e-05
4.9408 4e-05
5.18732 4e-05
5.43384 4e-05
5.68036 4e-05
5.92688 5e-05
6.17339 5e-05
6.41991 5e-05
6.66643 5e-05
6.91295 5e-05
7.15947 5e-05
7.40599 5e-05
7.6525 5e-05
7.89902 5e-05
8.14554 5e-05
8.39206 5e-05
8.63858 5e-05
8.88509 5e-05
9.13161 6e-05
9.37813 6e-05
9.62465 6e-05
9.87117 6e-05
10.1177 6e-05
10.3642 6e-05
10.6107 6e-05
10.8572 6e-05
11.1038 7e-05
11.3503 7e-05
11.5968 7e-05
11.8433 7e-05
12.0898 7e-05
12.3363 7e-05
12.5829 7e-05
12.8294 8e-05
13.0759 8e-05
13.3224 8e-05
13.5689 8e-05
13.8155 8e-05
14.0619 8e-05
14.3085 9e-05
14.555 9e-05
14.8016 9e-05
15.048 9e-05
15.2945 9e-05
15.5411 0.0001
15.7875 0.0001
16.0342 0.0001
16.2807 0.0001
16.5271 0.00011
16.7736 0.00011
17.0202 0.00011
17.2668 0.00012
17.5132 0.00012
17.7598 0.00012
18.0063 0.00013
18.2527 0.00013
18.4992 0.00014
18.7459 0.00014
18.9924 0.00014
19.2388 0.00015
19.4853 0.00015
19.7319 0.00016
19.9785 0.00016
20.2249 0.00017
20.4714 0.00018
20.718 0.00018
20.9644 0.00019
21.2111 0.0002
21.4575 0.0002
21.7041 0.00021
21.9505 0.00022
22.197 0.00023
22.4436 0.00024
22.6902 0.00025
22.9367 0.00026
23.1831 0.00027
23.4297 0.00028
23.6761 0.0003
23.9228 0.00031
24.1692 0.00033
24.4158 0.00034
24.6623 0.00036
24.9087 0.00038
25.1553 0.0004
25.4019 0.00042
25.6484 0.00045
25.8948 0.00047
26.1414 0.0005
26.3879 0.00053
26.6345 0.00057
26.8809 0.00061
27.1275 0.00065
27.374 0.0007
27.6204 0.00075
27.867 0.00081
28.1135 0.00088
28.3601 0.00095
28.6065 0.00104
28.8531 0.00114
29.0996 0.00125
29.3462 0.00138
29.5926 0.00153
29.8391 0.00171
30.0857 0.00192
30.3321 0.00218
30.5787 0.00249
30.8252 0.00286
31.0718 0.00333
31.3182 0.00393
31.5647 0.0047
31.8113 0.00571
32.0577 0.00709
32.3043 0.00901
32.5508 0.01181
32.7974 0.01606
33.0438 0.02288
33.2903 0.03447
33.5369 0.05499
33.7835 0.08907
34.0299 0.12274
34.2764 0.11181
34.523 0.07344
34.7694 0.04512
35.016 0.02892
35.2625 0.01966
35.5091 0.01408
35.7555 0.01053
36.0021 0.00814
36.2487 0.00647
36.4952 0.00526
36.7416 0.00436
36.9882 0.00367
37.2347 0.00314
37.4811 0.00271
37.7278 0.00236
37.9743 0.00208
38.2208 0.00184
38.4672 0.00165
38.7138 0.00148
38.9603 0.00134
39.2069 0.00122
39.4534 0.00111
39.6999 0.00102
39.9464 0.00094
40.1928 0.00087
40.4395 0.00081
40.6859 0.00075
40.9325 0.0007
41.179 0.00066
41.4255 0.00062
41.672 0.00058
41.9186 0.00055
42.1651 0.00052
42.4115 0.0005
42.6581 0.00047
42.9046 0.00045
43.1512 0.00043
43.3976 0.00042
43.6442 0.00041
43.8907 0.0004
44.1371 0.0004
44.3837 0.00038
44.6303 0.00037
44.8768 0.00035
45.1232 0.00034
45.3698 0.00034
45.6163 0.00033
45.8629 0.00033
46.1093 0.00033
46.3559 0.00033
46.6024 0.00034
46.8488 0.00035
47.0954 0.00037
47.342 0.00039
47.5885 0.00043
47.8349 0.00049
48.0815 0.00058
48.328 0.00072
48.5746 0.00092
48.821 0.00117
49.0676 0.00158
49.3141 0.00227
49.5605 0.0028
49.8071 0.00241
50.0537 0.00173
50.3002 0.00131
50.5466 0.00116
50.7932 0.00118
51.0397 0.00137
51.2863 0.00181
51.5328 0.0026
51.7793 0.00343
52.0258 0.00329
52.2722 0.00261
52.5188 0.00217
52.7654 0.00178
53.0119 0.00144
53.2584 0.00127
53.5049 0.00131
53.7514 0.00157
53.998 0.00209
54.2445 0.00252
54.491 0.00223
54.7375 0.00169
54.984 0.00137
55.2305 0.00115
55.477 0.00093
55.7236 0.00076
55.9701 0.00067
56.2166 0.00066
56.4631 0.00071
56.7097 0.00082
56.9562 0.00095
57.2026 0.00113
57.4492 0.00133
57.6957 0.00153
57.9422 0.00195
58.1887 0.00249
58.4353 0.00246
58.6818 0.00191
58.9282 0.00146
59.1748 0.00117
59.4214 0.00105
59.6679 0.00107
59.9143 0.00124
60.1609 0.00164
60.4074 0.00226
60.6538 0.00265
60.9004 0.00246
61.147 0.00228
61.3935 0.00209
61.6399 0.00171
61.8865 0.00134
62.1331 0.00112
62.3796 0.00106
62.626 0.00108
62.8726 0.00117
63.1191 0.0013
63.3655 0.0016
63.6121 0.00214
63.8587 0.00271
64.1051 0.00281
64.3516 0.00239
64.5982 0.00213
64.8448 0.00231
65.0913 0.00288
65.3377 0.00328
65.5842 0.003
65.8307 0.00276
66.0772 0.00295
66.3238 0.00299
66.5704 0.00242
66.8169 0.00189
67.0633 0.00173
67.3098 0.00191
67.5563 0.00223
67.8029 0.00215
68.0495 0.0018
68.296 0.00166
68.5425 0.00187
68.7889 0.00244
69.0356 0.00294
69.282 0.00258
69.5285 0.00183
69.7751 0.00131
70.0216 0.00103
70.2682 0.00091
70.5147 0.0009
70.7612 0.00099
71.0076 0.00123
71.2541 0.0017
71.5007 0.00248
71.7473 0.00314
71.9938 0.0029
72.2403 0.00246
72.4868 0.00247
72.7332 0.00255
72.9797 0.00205
73.2263 0.0014
73.4729 0.00099
73.7194 0.00076
73.9659 0.00061
74.2124 0.00051
74.459 0.00044
74.7054 0.00039
74.9519 0.00037
75.1985 0.00039
75.445 0.00042
75.6916 0.00042
75.9381 0.00037
76.1846 0.00033
76.431 0.00031
76.6775 0.00032
76.9241 0.00033
77.1706 0.00037
77.4172 0.00042
77.6637 0.0005
77.9102 0.00062
78.1566 0.00082
78.4031 0.00117
78.6497 0.00179
78.8962 0.00259
79.1428 0.0029
79.3893 0.00259
79.6358 0.00252
79.8824 0.00257
80.1288 0.00206
80.3753 0.00138
80.6218 0.00094
80.8684 0.00068
81.115 0.00054
81.3615 0.00047
81.608 0.00044
81.8544 0.00045
82.1009 0.00043
82.3474 0.00036
82.594 0.0003
82.8406 0.00025
83.0871 0.00023
83.3336 0.00021
83.58 0.00022
83.8265 0.00023
84.0731 0.00024
84.3196 0.00024
84.5662 0.00025
84.8127 0.00028
85.0592 0.00035
85.3058 0.00046
85.5523 0.00054
85.7987 0.0005
86.0452 0.00044
86.2918 0.00043
86.5384 0.00048
86.7849 0.00057
87.0314 0.00073
87.2779 0.00096
87.5243 0.00125
87.7708 0.00153
88.0174 0.00188
88.264 0.00246
88.5105 0.00267
88.757 0.00211
89.0035 0.00152
89.2499 0.00114
