0.75  0
0.99652  0
1.24304  0
1.48955  0
1.73607  0
1.98259  0
2.22911  0
2.47563  0
2.72214  0
2.96866  0
3.21518  0
3.4617  0
3.70822  0
3.95474  0
4.20125 8e-05
4.44777 8e-05
4.69429 8e-05
4.9408 9e-05
5.18732 9e-05
5.43384 9e-05
5.68036 9e-05
5.92688 9e-05
6.17339 9e-05
6.41991 9e-05
6.66643 9e-05
6.91295 0.0001
7.15947 0.0001
7.40599 0.0001
7.6525 0.0001
7.89902 0.0001
8.14554 0.0001
8.39206 0.00011
8.63858 0.00011
8.88509 0.00011
9.13161 0.00011
9.37813 0.00011
9.62465 0.00012
9.87117 0.00012
10.1177 0.00012
10.3642 0.00012
10.6107 0.00012
10.8572 0.00013
11.1038 0.00013
11.3503 0.00013
11.5968 0.00014
11.8433 0.00014
12.0898 0.00014
12.3363 0.00014
12.5829 0.00015
12.8294 0.00015
13.0759 0.00015
13.3224 0.00016
13.5689 0.00016
13.8155 0.00016
14.0619 0.00017
14.3085 0.00017
14.555 0.00018
14.8016 0.00018
15.048 0.00018
15.2945 0.00019
15.5411 0.00019
15.7875 0.0002
16.0342 0.0002
16.2807 0.00021
16.5271 0.00022
16.7736 0.00022
17.0202 0.00023
17.2668 0.00023
17.5132 0.00024
17.7598 0.00025
18.0063 0.00025
18.2527 0.00026
18.4992 0.00027
18.7459 0.00028
18.9924 0.00029
19.2388 0.0003
19.4853 0.00031
19.7319 0.00032
19.9785 0.00033
20.2249 0.00034
20.4714 0.00035
20.718 0.00036
20.9644 0.00038
21.2111 0.00039
21.4575 0.0004
21.7041 0.00042
21.9505 0.00044
22.197 0.00045
22.4436 0.00047
22.6902 0.00049
22.9367 0.00051
23.1831 0.00054
23.4297 0.00056
23.6761 0.00059
23.9228 0.00062
24.1692 0.00065
24.4158 0.00068
24.6623 0.00071
24.9087 0.00075
25.1553 0.00079
25.4019 0.00083
25.6484 0.00088
25.8948 0.00093
26.1414 0.00099
26.3879 0.00105
26.6345 0.00112
26.8809 0.0012
27.1275 0.00128
27.374 0.00137
27.6204 0.00148
27.867 0.00159
28.1135 0.00172
28.3601 0.00187
28.6065 0.00203
28.8531 0.00222
29.0996 0.00243
29.3462 0.00268
29.5926 0.00296
29.8391 0.00329
30.0857 0.00368
30.3321 0.00414
30.5787 0.0047
30.8252 0.00536
31.0718 0.00618
31.3182 0.00719
31.5647 0.00845
31.8113 0.01005
32.0577 0.01212
32.3043 0.01483
32.5508 0.01842
32.7974 0.02321
33.0438 0.02958
33.2903 0.03779
33.5369 0.0475
33.7835 0.0569
34.0299 0.06236
34.2764 0.06085
34.523 0.05328
34.7694 0.0434
35.016 0.0342
35.2625 0.02675
35.5091 0.02108
35.7555 0.01683
36.0021 0.01364
36.2487 0.01122
36.4952 0.00936
36.7416 0.00791
36.9882 0.00676
37.2347 0.00584
37.4811 0.00509
37.7278 0.00447
37.9743 0.00396
38.2208 0.00353
38.4672 0.00317
38.7138 0.00286
38.9603 0.0026
39.2069 0.00237
39.4534 0.00217
39.6999 0.00199
39.9464 0.00184
40.1928 0.0017
40.4395 0.00158
40.6859 0.00148
40.9325 0.00138
41.179 0.00129
41.4255 0.00122
41.672 0.00115
41.9186 0.00109
42.1651 0.00103
42.4115 0.00098
42.6581 0.00093
42.9046 0.00089
43.1512 0.00086
43.3976 0.00082
43.6442 0.0008
43.8907 0.00077
44.1371 0.00075
44.3837 0.00073
44.6303 0.00071
44.8768 0.00069
45.1232 0.00067
45.3698 0.00066
45.6163 0.00065
45.8629 0.00065
46.1093 0.00065
46.3559 0.00065
46.6024 0.00066
46.8488 0.00068
47.0954 0.00071
47.342 0.00074
47.5885 0.00079
47.8349 0.00086
48.0815 0.00095
48.328 0.00107
48.5746 0.00122
48.821 0.0014
49.0676 0.00161
49.3141 0.0018
49.5605 0.00191
49.8071 0.00189
50.0537 0.0018
50.3002 0.0017
50.5466 0.00165
50.7932 0.00169
51.0397 0.00181
51.2863 0.00199
51.5328 0.00221
51.7793 0.00236
52.0258 0.00237
52.2722 0.00226
52.5188 0.0021
52.7654 0.00193
53.0119 0.00179
53.2584 0.00172
53.5049 0.00171
53.7514 0.00176
53.998 0.00183
54.2445 0.00186
54.491 0.0018
54.7375 0.00166
54.984 0.00151
55.2305 0.00136
55.477 0.00124
55.7236 0.00115
55.9701 0.00109
56.2166 0.00107
56.4631 0.00109
56.7097 0.00114
56.9562 0.00123
57.2026 0.00133
57.4492 0.00146
57.6957 0.0016
57.9422 0.00174
58.1887 0.00183
58.4353 0.00184
58.6818 0.00175
58.9282 0.00164
59.1748 0.00154
59.4214 0.0015
59.6679 0.00152
59.9143 0.00161
60.1609 0.00175
60.4074 0.00191
60.6538 0.00201
60.9004 0.00203
61.147 0.00197
61.3935 0.00187
61.6399 0.00175
61.8865 0.00162
62.1331 0.00153
62.3796 0.00149
62.626 0.0015
62.8726 0.00156
63.1191 0.00167
63.3655 0.00183
63.6121 0.00202
63.8587 0.00218
64.1051 0.00228
64.3516 0.00231
64.5982 0.00235
64.8448 0.00242
65.0913 0.00253
65.3377 0.0026
65.5842 0.00262
65.8307 0.00259
66.0772 0.00254
66.3238 0.00246
66.5704 0.00232
66.8169 0.00218
67.0633 0.00209
67.3098 0.00205
67.5563 0.00204
67.8029 0.00202
68.0495 0.00198
68.296 0.00197
68.5425 0.00202
68.7889 0.00209
69.0356 0.0021
69.282 0.00201
69.5285 0.00183
69.7751 0.00164
70.0216 0.00149
70.2682 0.00141
70.5147 0.00141
70.7612 0.00147
71.0076 0.00161
71.2541 0.0018
71.5007 0.00201
71.7473 0.00216
71.9938 0.00219
72.2403 0.00214
72.4868 0.00205
72.7332 0.00192
72.9797 0.00172
73.2263 0.00148
73.4729 0.00125
73.7194 0.00106
73.9659 0.00092
74.2124 0.00081
74.459 0.00072
74.7054 0.00066
74.9519 0.00062
75.1985 0.0006
75.445 0.00058
75.6916 0.00057
75.9381 0.00055
76.1846 0.00054
76.431 0.00054
76.6775 0.00056
76.9241 0.00059
77.1706 0.00063
77.4172 0.0007
77.6637 0.00079
77.9102 0.00092
78.1566 0.00109
78.4031 0.00131
78.6497 0.00156
78.8962 0.00179
79.1428 0.00193
79.3893 0.00196
79.6358 0.00192
79.8824 0.0018
80.1288 0.00161
80.3753 0.00138
80.6218 0.00115
80.8684 0.00096
81.115 0.00082
81.3615 0.00072
81.608 0.00064
81.8544 0.00059
82.1009 0.00054
82.3474 0.0005
82.594 0.00045
82.8406 0.00042
83.0871 0.0004
83.3336 0.00038
83.58 0.00037
83.8265 0.00037
84.0731 0.00038
84.3196 0.00039
84.5662 0.00041
84.8127 0.00043
85.0592 0.00047
85.3058 0.00051
85.5523 0.00054
85.7987 0.00057
86.0452 0.00059
86.2918 0.00063
86.5384 0.00069
86.7849 0.00077
87.0314 0.00089
87.2779 0.00103
87.5243 0.00119
87.7708 0.00136
88.0174 0.00152
88.264 0.00163
88.5105 0.00165
88.757 0.00155
89.0035 0.00138
89.2499 0.0012
