0.75  0
0.99652  0
1.24304  0
1.48955  0
1.73607  0
1.98259  0
2.22911  0
2.47563  0
2.72214  0
2.96866  0
3.21518  0
3.4617  0
3.70822  0
3.95474  0
4.20125  0
4.44777  0
4.69429  0
4.94081  0
5.18733  0
5.43384  0
5.68036  0
5.92688  0
6.1734  0
6.41992  0
6.66643  0
6.91295  0
10.1177  0
10.3642  0
10.6107  0
10.8572  0
11.1038  0
11.3503  0
11.5968  0
11.8433  0
12.0898  0
12.3363  0
12.5829  0
12.8294  0
13.0759  0
13.3224  0
13.5689  0
13.8155  0
14.062  0
14.3085  0
14.555  0
14.8015  0
15.048  0
15.2946  0
15.5411  0
15.7876  0
16.0341  0
16.2806  0
16.5272  0
16.7737  0
17.0202  0
17.2667  0
17.5132  0
17.7598  0
18.0063  0
18.2528  0
18.4993  0
18.7458  0
18.9923  0
19.2389  0
19.4854  0
19.7319  0
19.9784  0
20.2249  0
20.4715  0
20.718  0
20.9645  0
21.211  0
21.4575  0
21.704  0
21.9506  0
22.1971  0
22.4436  0
22.6901  0
22.9366  0
23.1832  0
23.4297  0
23.6762  0
23.9227  0
24.1692  0
24.4157  0
24.6623  0
24.9088  0
25.1553  0
25.4018  0
25.6483  0
25.8949  0
26.1414  0
26.3879  0
26.6344  0
26.8809  0
27.1274  0
27.374  0
27.6205  0
27.867  0
28.1135  0
28.36  0
28.6065  0
28.8531  0
29.0996  0
29.3461  0
29.5926  0
29.8391  0
30.0857  0
30.3322  0
30.5787  0
30.8252  0
31.0717  0
31.3182  0
31.5648  0
31.8113  0
32.0578  0
32.3043  0
32.5508  0
32.7974  0
33.0439  0
33.2904  0
33.5369  0
33.7834  0
34.0299  0
34.2765  0
34.523  0
34.7695  0
35.016  0
35.2625  0
35.5091  0
35.7556  0
36.0021  0
36.2486  0
36.4951  0
36.7416  0
36.9882  0
37.2347  0
37.4812  0
37.7277  0
37.9742  0
38.2208  0
38.4673  0
38.7138  0
38.9603  0
39.2068  0
39.4533  0
39.6999  0
39.9464  0
40.1929  0
40.4394  0
40.6859  0
40.9325  0
41.179  0
41.4255  0
41.672  0
41.9185  0
42.165  0
42.4116  0
42.6581  0
42.9046  0
43.1511  0
43.3976  0
43.6442  0
43.8907  0
44.1372  0
44.3837  0
44.6302  0
44.8767  0
45.1233  0
45.3698  0
45.6163  0
45.8628  0
46.1093  0
46.3558  0
46.6024  0
46.8489  0
47.0954  0
47.3419  0
47.5884  0
47.835  0
48.0815  0
48.328  0
48.5745  0
48.821  0
49.0675  0
49.3141  0
49.5606  0
49.8071  0
50.0536  0
50.3001  0
50.5467  0
50.7932  0
51.0397  0
51.2862  0
51.5327  0
51.7792  0
52.0258  0
52.2723  0
52.5188  0
52.7653  0
53.0118  0
53.2584  0
53.5049  0
53.7514  0
53.9979  0
54.2444  0
54.4909  0
54.7375  0
54.984  0
55.2305  0
55.477  0
55.7235  0
55.9701  0
56.2166  0
56.4631  0
56.7096  0
56.9561  0
57.2026  0
57.4492  0
57.6957  0
57.9422  0
58.1887  0
58.4352  0
58.6818  0
58.9283  0
59.1748  0
59.4213  0
59.6678  0
59.9143  0
60.1609  0
60.4074  0
60.6539  0
60.9004  0
61.1469  0
61.3935  0
61.64  0
61.8865  0
62.133  0
62.3795  0
62.626  0
62.8726  0
63.1191  0
63.3656  0
63.6121  0
63.8586  0
64.1051  0
64.3517  0
64.5982  0
64.8447  0
65.0912  0
65.3377  0
65.5843  0
65.8308  0
66.0773  0
66.3238  0
66.5703  0
66.8169  0
67.0634  0
67.3099  0
67.5564  0
67.8029  0
68.0494  0
68.296  0
68.5425  0
68.789  0
69.0355  0
69.282  0
69.5285  0
69.7751  0
7.15947 4e-05
7.40599 4e-05
7.65251 4e-05
7.89902 4e-05
8.14554 4e-05
8.39206 4e-05
8.63858 4e-05
8.8851 5e-05
10.1177 5e-05
10.3642 5e-05
10.6107 5e-05
10.8572 5e-05
11.1038 5e-05
11.3503 5e-05
11.5968 5e-05
11.8433 5e-05
12.0898 6e-05
12.3363 6e-05
12.5829 6e-05
12.8294 6e-05
13.0759 6e-05
13.3224 6e-05
13.5689 6e-05
13.8155 6e-05
14.062 7e-05
14.3085 7e-05
14.555 7e-05
14.8015 7e-05
15.048 7e-05
15.2946 7e-05
15.5411 7e-05
15.7876 8e-05
16.0341 8e-05
16.2806 8e-05
16.5272 8e-05
16.7737 8e-05
17.0202 8e-05
17.2667 9e-05
17.5133 9e-05
17.7598 9e-05
18.0063 9e-05
18.2528 9e-05
18.4993 0.0001
18.7458 0.0001
18.9924 0.0001
19.2389 0.0001
19.4854 0.00011
19.7319 0.00011
19.9784 0.00011
20.225 0.00012
20.4715 0.00012
20.718 0.00012
20.9645 0.00013
21.211 0.00013
21.4575 0.00014
21.7041 0.00014
21.9506 0.00014
22.1971 0.00015
22.4436 0.00015
22.6901 0.00016
22.9367 0.00016
23.1832 0.00017
23.4297 0.00018
23.6762 0.00018
23.9227 0.00019
24.1693 0.0002
24.4158 0.0002
24.6623 0.00021
24.9088 0.00022
25.1553 0.00023
25.4018 0.00024
25.6484 0.00025
25.8949 0.00026
26.1414 0.00027
26.3879 0.00028
26.6344 0.0003
26.881 0.00031
27.1275 0.00033
27.374 0.00034
27.6205 0.00036
27.867 0.00038
28.1135 0.0004
28.3601 0.00042
28.6066 0.00045
28.8531 0.00047
29.0996 0.0005
29.3461 0.00053
29.5927 0.00057
29.8392 0.00061
30.0857 0.00065
30.3322 0.0007
30.5787 0.00075
30.8252 0.00081
31.0718 0.00088
31.3183 0.00095
31.5648 0.00104
31.8113 0.00114
32.0578 0.00125
32.3044 0.00138
32.5509 0.00153
32.7974 0.00171
33.0439 0.00192
33.2904 0.00218
33.5369 0.00249
33.7835 0.00286
34.03 0.00333
34.2765 0.00393
34.523 0.0047
34.7695 0.00571
35.016 0.00709
35.2626 0.00901
35.5091 0.01181
35.7556 0.01606
36.0021 0.02288
36.2486 0.03447
36.4952 0.05499
36.7417 0.08907
36.9882 0.12274
37.2347 0.11181
37.4812 0.07344
37.7277 0.04512
37.9743 0.02892
38.2208 0.01966
38.4673 0.01408
38.7138 0.01053
38.9603 0.00814
39.2069 0.00647
39.4534 0.00526
39.6999 0.00436
39.9464 0.00367
40.1929 0.00314
40.4394 0.00271
40.686 0.00236
40.9325 0.00208
41.179 0.00184
41.4255 0.00165
41.672 0.00148
41.9186 0.00134
42.1651 0.00122
42.4116 0.00111
42.6581 0.00102
42.9046 0.00094
43.1511 0.00087
43.3977 0.00081
43.6442 0.00075
43.8907 0.0007
44.1372 0.00066
44.3837 0.00062
44.6303 0.00058
44.8768 0.00055
45.1233 0.00052
45.3698 0.0005
45.6163 0.00047
45.8628 0.00045
46.1094 0.00043
46.3559 0.00042
46.6024 0.00041
46.8489 0.0004
47.0954 0.0004
47.342 0.00038
47.5885 0.00037
47.835 0.00035
48.0815 0.00034
48.328 0.00034
48.5745 0.00033
48.8211 0.00033
49.0676 0.00033
49.3141 0.00033
49.5606 0.00034
49.8071 0.00035
50.0537 0.00037
50.3002 0.00039
50.5467 0.00043
50.7932 0.00049
51.0397 0.00058
51.2862 0.00072
51.5328 0.00092
51.7793 0.00117
52.0258 0.00158
52.2723 0.00227
52.5188 0.0028
52.7653 0.00241
53.0119 0.00173
53.2584 0.00131
53.5049 0.00116
53.7514 0.00118
53.9979 0.00137
54.2445 0.00181
54.491 0.0026
54.7375 0.00343
54.984 0.00329
55.2305 0.00261
55.477 0.00217
55.7236 0.00178
55.9701 0.00144
56.2166 0.00127
56.4631 0.00131
56.7096 0.00157
56.9562 0.00209
57.2027 0.00252
57.4492 0.00223
57.6957 0.00169
57.9422 0.00137
58.1887 0.00115
58.4353 0.00093
58.6818 0.00076
58.9283 0.00067
59.1748 0.00066
59.4213 0.00071
59.6679 0.00082
59.9144 0.00095
60.1609 0.00113
60.4074 0.00133
60.6539 0.00153
60.9004 0.00195
61.147 0.00249
61.3935 0.00246
61.64 0.00191
61.8865 0.00146
62.133 0.00117
62.3796 0.00105
62.6261 0.00107
62.8726 0.00124
63.1191 0.00164
63.3656 0.00226
63.6121 0.00265
63.8587 0.00246
64.1052 0.00228
64.3517 0.00209
64.5982 0.00171
64.8447 0.00134
65.0913 0.00112
65.3378 0.00106
65.5843 0.00108
65.8308 0.00117
66.0773 0.0013
66.3238 0.0016
66.5704 0.00214
66.8169 0.00271
67.0634 0.00281
67.3099 0.00239
67.5564 0.00213
67.803 0.00231
68.0495 0.00288
68.296 0.00328
68.5425 0.003
68.789 0.00276
69.0355 0.00295
69.2821 0.00299
69.5286 0.00242
69.7751 0.00189
70.0216 0.00173
70.2681 0.00191
70.5146 0.00223
70.7612 0.00215
71.0077 0.0018
71.2542 0.00166
71.5007 0.00187
71.7472 0.00244
71.9938 0.00294
72.2403 0.00258
72.4868 0.00183
72.7333 0.00131
72.9798 0.00103
73.2264 0.00091
73.4729 0.0009
73.7194 0.00099
73.9659 0.00123
74.2124 0.0017
74.4589 0.00248
74.7055 0.00314
74.952 0.0029
75.1985 0.00246
75.445 0.00247
75.6915 0.00255
75.938 0.00205
76.1846 0.0014
76.4311 0.00099
76.6776 0.00076
76.9241 0.00061
77.1706 0.00051
77.4172 0.00044
77.6637 0.00039
77.9102 0.00037
78.1567 0.00039
78.4032 0.00042
78.6498 0.00042
78.8963 0.00037
79.1428 0.00033
79.3893 0.00031
79.6358 0.00032
79.8823 0.00033
80.1289 0.00037
80.3754 0.00042
80.6219 0.0005
80.8684 0.00062
81.1149 0.00082
81.3614 0.00117
81.608 0.00179
81.8545 0.00259
82.101 0.0029
82.3475 0.00259
82.594 0.00252
82.8406 0.00257
83.0871 0.00206
83.3336 0.00138
83.5801 0.00094
83.8266 0.00068
84.0732 0.00054
84.3197 0.00047
84.5662 0.00044
84.8127 0.00045
85.0592 0.00043
85.3057 0.00036
85.5523 0.0003
85.7988 0.00025
86.0453 0.00023
86.2918 0.00021
86.5383 0.00022
86.7848 0.00023
87.0314 0.00024
87.2779 0.00024
87.5244 0.00025
87.7709 0.00028
88.0174 0.00035
88.264 0.00046
88.5105 0.00054
88.757 0.0005
89.0035 0.00044
