0.75   6e-05
0.99652   6e-05
1.24304   7e-05
1.48955   7e-05
1.73607   7e-05
1.98259   7e-05
2.22911   7e-05
2.47563   7e-05
2.72214   7e-05
2.96866   7e-05
3.21518   7e-05
3.4617   7e-05
3.70822   7e-05
3.95474   8e-05
4.20125   8e-05
4.44777   8e-05
4.69429   8e-05
4.94081   8e-05
5.18733   8e-05
5.43384   8e-05
5.68036   9e-05
5.92688   9e-05
6.1734   9e-05
6.41992   9e-05
6.66643   9e-05
6.91295   9e-05
7.15947   9e-05
7.40599   0.0001
7.65251   0.0001
7.89903   0.0001
8.14554   0.0001
8.39206   0.0001
8.63858   0.00011
8.8851   0.00011
9.13162   0.00011
9.37813   0.00011
9.62465   0.00012
9.87117   0.00012
10.1177   0.00012
10.3642   0.00012
10.6107   0.00013
10.8572   0.00013
11.1038   0.00013
11.3503   0.00014
11.5968   0.00014
11.8433   0.00014
12.0898   0.00015
12.3363   0.00015
12.5829   0.00015
12.8294   0.00016
13.0759   0.00016
13.3224   0.00017
13.5689   0.00017
13.8155   0.00017
14.062   0.00018
14.3085   0.00018
14.555   0.00019
14.8015   0.0002
15.048   0.0002
15.2946   0.00021
15.5411   0.00021
15.7876   0.00022
16.0341   0.00023
16.2806   0.00024
16.5272   0.00024
16.7737   0.00025
17.0202   0.00026
17.2667   0.00027
17.5132   0.00028
17.7598   0.00029
18.0063   0.0003
18.2528   0.00031
18.4993   0.00033
18.7458   0.00034
18.9923   0.00035
19.2389   0.00037
19.4854   0.00038
19.7319   0.0004
19.9784   0.00042
20.2249   0.00044
20.4715   0.00046
20.718   0.00048
20.9645   0.0005
21.211   0.00053
21.4575   0.00056
21.704   0.00059
21.9506   0.00062
22.1971   0.00066
22.4436   0.0007
22.6901   0.00074
22.9366   0.00078
23.1832   0.00083
23.4297   0.00089
23.6762   0.00095
23.9227   0.00102
24.1692   0.0011
24.4157   0.00118
24.6623   0.00128
24.9088   0.00139
25.1553   0.00151
25.4018   0.00165
25.6483   0.0018
25.8949   0.00199
26.1414   0.0022
26.3879   0.00244
26.6344   0.00273
26.8809   0.00307
27.1274   0.00348
27.374   0.00398
27.6205   0.00458
27.867   0.00533
28.1135   0.00627
28.36   0.00746
28.6065   0.00899
28.8531   0.011
29.0996   0.01366
29.3461   0.01722
29.5926   0.02194
29.8391   0.02803
30.0857   0.03524
30.3322   0.04221
30.5787   0.04626
30.8252   0.04514
31.0717   0.03953
31.3182   0.0322
31.5648   0.02537
31.8113   0.01985
32.0578   0.01564
32.3043   0.01249
32.5508   0.01012
32.7974   0.00833
33.0439   0.00695
33.2904   0.00587
33.5369   0.00502
33.7834   0.00434
34.0299   0.00378
34.2765   0.00332
34.523   0.00295
34.7695   0.00263
35.016   0.00236
35.2625   0.00213
35.5091   0.00193
35.7556   0.00176
36.0021   0.00161
36.2486   0.00148
36.4951   0.00137
36.7416   0.00127
36.9882   0.00118
37.2347   0.0011
37.4812   0.00103
37.7277   0.00097
37.9742   0.00091
38.2208   0.00086
38.4673   0.00082
38.7138   0.00078
38.9603   0.00074
39.2068   0.00071
39.4533   0.00068
39.6999   0.00066
39.9464   0.00064
40.1929   0.00062
40.4394   0.00061
40.6859   0.00059
40.9325   0.00058
41.179   0.00056
41.4255   0.00054
41.672   0.00052
41.9185   0.00051
42.165   0.0005
42.4116   0.0005
42.6581   0.0005
42.9046   0.0005
43.1511   0.00051
43.3976   0.00052
43.6442   0.00054
43.8907   0.00057
44.1372   0.00061
44.3837   0.00066
44.6302   0.00073
44.8767   0.00082
45.1233   0.00093
45.3698   0.00107
45.6163   0.00122
45.8628   0.00137
46.1093   0.00145
46.3558   0.00144
46.6024   0.00138
46.8489   0.00131
47.0954   0.00129
47.3419   0.00132
47.5884   0.00141
47.835   0.00155
48.0815   0.0017
48.328   0.00182
48.5745   0.00184
48.821   0.00178
49.0675   0.00167
49.3141   0.00157
49.5606   0.00148
49.8071   0.00143
50.0536   0.00142
50.3001   0.00146
50.5467   0.00151
50.7932   0.00153
51.0397   0.00148
51.2862   0.00138
51.5327   0.00126
51.7792   0.00116
52.0258   0.00107
52.2723   0.00101
52.5188   0.00098
52.7653   0.00099
53.0118   0.00103
53.2584   0.00109
53.5049   0.00115
53.7514   0.00122
53.9979   0.00128
54.2444   0.00136
54.4909   0.00145
54.7375   0.00151
54.984   0.0015
55.2305   0.00144
55.477   0.00134
55.7235   0.00127
55.9701   0.00123
56.2166   0.00125
56.4631   0.00132
56.7096   0.00143
56.9561   0.00155
57.2026   0.00164
57.4492   0.00166
57.6957   0.00164
57.9422   0.00157
58.1887   0.00149
58.4352   0.00141
58.6818   0.00135
58.9283   0.00132
59.1748   0.00133
59.4213   0.00137
59.6678   0.00145
59.9143   0.00156
60.1609   0.0017
60.4074   0.00183
60.6539   0.0019
60.9004   0.00193
61.1469   0.00195
61.3935   0.00201
61.64   0.0021
61.8865   0.00218
62.133   0.00222
62.3795   0.00224
62.626   0.00223
62.8726   0.00218
63.1191   0.00206
63.3656   0.00192
63.6121   0.00182
63.8586   0.00178
64.1051   0.00175
64.3517   0.00171
64.5982   0.00167
64.8447   0.00164
65.0912   0.00165
65.3377   0.00169
65.5843   0.00169
65.8308   0.00161
66.0773   0.00146
66.3238   0.00131
66.5703   0.00119
66.8169   0.00112
67.0634   0.00111
67.3099   0.00116
67.5564   0.00126
67.8029   0.0014
68.0494   0.00156
68.296   0.00167
68.5425   0.0017
68.789   0.00166
69.0355   0.00159
69.282   0.00149
69.5285   0.00134
69.7751   0.00116
70.0216   0.00099
70.2681   0.00085
70.5146   0.00075
70.7611   0.00066
71.0077   0.0006
71.2542   0.00055
71.5007   0.00051
71.7472   0.00049
71.9937   0.00048
72.2403   0.00046
72.4868   0.00045
72.7333   0.00044
72.9798   0.00044
73.2263   0.00045
73.4728   0.00048
73.7194   0.00052
73.9659   0.00057
74.2124   0.00064
74.4589   0.00073
74.7054   0.00086
74.9519   0.00102
75.1985   0.0012
75.445   0.00137
75.6915   0.00148
75.938   0.0015
76.1845   0.00147
76.4311   0.00138
76.6776   0.00124
76.9241   0.00106
77.1706   0.00089
77.4171   0.00076
77.6637   0.00065
77.9102   0.00057
78.1567   0.00052
78.4032   0.00048
78.6497   0.00044
78.8962   0.00041
79.1428   0.00037
79.3893   0.00035
79.6358   0.00033
79.8823   0.00031
80.1288   0.00031
80.3753   0.00031
80.6219   0.00031
80.8684   0.00032
81.1149   0.00034
81.3614   0.00036
81.6079   0.0004
81.8545   0.00043
82.101   0.00046
82.3475   0.00049
82.594   0.00052
82.8405   0.00056
83.0871   0.00061
83.3336   0.00069
83.5801   0.00079
83.8266   0.0009
84.0731   0.00101
84.3196   0.00113
84.5662   0.00124
84.8127   0.00132
85.0592   0.00132
85.3057   0.00124
85.5522   0.00112
85.7987   0.00098
86.0453   0.00086
86.2918   0.00078
86.5383   0.00072
86.7848   0.0007
87.0313   0.0007
87.2779   0.00072
87.5244   0.00076
87.7709   0.00082
88.0174   0.00085
88.2639   0.00084
88.5105   0.00078
88.757   0.0007
89.0035   0.00063
89.25   0.00058
