0.75   8e-05
0.99652   8e-05
1.24304   8e-05
1.48955   9e-05
1.73607   9e-05
1.98259   9e-05
2.22911   9e-05
2.47563   9e-05
2.72214   9e-05
2.96866   9e-05
3.21518   9e-05
3.4617   0.0001
3.70822   0.0001
3.95474   0.0001
4.20125   0.0001
4.44777   0.0001
4.69429   0.0001
4.94081   0.00011
5.18733   0.00011
5.43384   0.00011
5.68036   0.00011
5.92688   0.00011
6.1734   0.00012
6.41992   0.00012
6.66643   0.00012
6.91295   0.00012
7.15947   0.00012
7.40599   0.00013
7.65251   0.00013
7.89903   0.00013
8.14554   0.00014
8.39206   0.00014
8.63858   0.00014
8.8851   0.00014
9.13162   0.00015
9.37813   0.00015
9.62465   0.00015
9.87117   0.00016
10.1177   0.00016
10.3642   0.00016
10.6107   0.00017
10.8572   0.00017
11.1038   0.00018
11.3503   0.00018
11.5968   0.00018
11.8433   0.00019
12.0898   0.00019
12.3363   0.0002
12.5829   0.0002
12.8294   0.00021
13.0759   0.00022
13.3224   0.00022
13.5689   0.00023
13.8155   0.00023
14.062   0.00024
14.3085   0.00025
14.555   0.00025
14.8015   0.00026
15.048   0.00027
15.2946   0.00028
15.5411   0.00029
15.7876   0.0003
16.0341   0.00031
16.2806   0.00032
16.5272   0.00033
16.7737   0.00034
17.0202   0.00035
17.2667   0.00036
17.5132   0.00038
17.7598   0.00039
18.0063   0.0004
18.2528   0.00042
18.4993   0.00044
18.7458   0.00045
18.9923   0.00047
19.2389   0.00049
19.4854   0.00051
19.7319   0.00054
19.9784   0.00056
20.2249   0.00059
20.4715   0.00062
20.718   0.00065
20.9645   0.00068
21.211   0.00071
21.4575   0.00075
21.704   0.00079
21.9506   0.00083
22.1971   0.00088
22.4436   0.00093
22.6901   0.00099
22.9366   0.00105
23.1832   0.00112
23.4297   0.0012
23.6762   0.00128
23.9227   0.00137
24.1692   0.00148
24.4157   0.00159
24.6623   0.00172
24.9088   0.00187
25.1553   0.00203
25.4018   0.00222
25.6483   0.00243
25.8949   0.00268
26.1414   0.00296
26.3879   0.00329
26.6344   0.00368
26.8809   0.00414
27.1274   0.0047
27.374   0.00536
27.6205   0.00618
27.867   0.00719
28.1135   0.00845
28.36   0.01005
28.6065   0.01212
28.8531   0.01483
29.0996   0.01842
29.3461   0.02321
29.5926   0.02958
29.8391   0.03779
30.0857   0.0475
30.3322   0.0569
30.5787   0.06236
30.8252   0.06085
31.0717   0.05328
31.3182   0.0434
31.5648   0.0342
31.8113   0.02675
32.0578   0.02108
32.3043   0.01683
32.5508   0.01364
32.7974   0.01122
33.0439   0.00936
33.2904   0.00791
33.5369   0.00676
33.7834   0.00584
34.0299   0.00509
34.2765   0.00447
34.523   0.00396
34.7695   0.00353
35.016   0.00317
35.2625   0.00286
35.5091   0.0026
35.7556   0.00237
36.0021   0.00217
36.2486   0.00199
36.4951   0.00184
36.7416   0.0017
36.9882   0.00158
37.2347   0.00148
37.4812   0.00138
37.7277   0.00129
37.9742   0.00122
38.2208   0.00115
38.4673   0.00109
38.7138   0.00103
38.9603   0.00098
39.2068   0.00093
39.4533   0.00089
39.6999   0.00086
39.9464   0.00082
40.1929   0.0008
40.4394   0.00077
40.6859   0.00075
40.9325   0.00073
41.179   0.00071
41.4255   0.00069
41.672   0.00067
41.9185   0.00066
42.165   0.00065
42.4116   0.00065
42.6581   0.00065
42.9046   0.00065
43.1511   0.00066
43.3976   0.00068
43.6442   0.00071
43.8907   0.00074
44.1372   0.00079
44.3837   0.00086
44.6302   0.00095
44.8767   0.00107
45.1233   0.00122
45.3698   0.0014
45.6163   0.00161
45.8628   0.0018
46.1093   0.00191
46.3558   0.00189
46.6024   0.0018
46.8489   0.0017
47.0954   0.00165
47.3419   0.00169
47.5884   0.00181
47.835   0.00199
48.0815   0.00221
48.328   0.00236
48.5745   0.00237
48.821   0.00226
49.0675   0.0021
49.3141   0.00193
49.5606   0.00179
49.8071   0.00172
50.0536   0.00171
50.3001   0.00176
50.5467   0.00183
50.7932   0.00186
51.0397   0.0018
51.2862   0.00166
51.5327   0.00151
51.7792   0.00136
52.0258   0.00124
52.2723   0.00115
52.5188   0.00109
52.7653   0.00107
53.0118   0.00109
53.2584   0.00114
53.5049   0.00123
53.7514   0.00133
53.9979   0.00146
54.2444   0.0016
54.4909   0.00174
54.7375   0.00183
54.984   0.00184
55.2305   0.00175
55.477   0.00164
55.7235   0.00154
55.9701   0.0015
56.2166   0.00152
56.4631   0.00161
56.7096   0.00175
56.9561   0.00191
57.2026   0.00201
57.4492   0.00203
57.6957   0.00197
57.9422   0.00187
58.1887   0.00175
58.4352   0.00162
58.6818   0.00153
58.9283   0.00149
59.1748   0.0015
59.4213   0.00156
59.6678   0.00167
59.9143   0.00183
60.1609   0.00202
60.4074   0.00218
60.6539   0.00228
60.9004   0.00231
61.1469   0.00235
61.3935   0.00242
61.64   0.00253
61.8865   0.0026
62.133   0.00262
62.3795   0.00259
62.626   0.00254
62.8726   0.00246
63.1191   0.00232
63.3656   0.00218
63.6121   0.00209
63.8586   0.00205
64.1051   0.00204
64.3517   0.00202
64.5982   0.00198
64.8447   0.00197
65.0912   0.00202
65.3377   0.00209
65.5843   0.0021
65.8308   0.00201
66.0773   0.00183
66.3238   0.00164
66.5703   0.00149
66.8169   0.00141
67.0634   0.00141
67.3099   0.00147
67.5564   0.00161
67.8029   0.0018
68.0494   0.00201
68.296   0.00216
68.5425   0.00219
68.789   0.00214
69.0355   0.00205
69.282   0.00192
69.5285   0.00172
69.7751   0.00148
70.0216   0.00125
70.2681   0.00106
70.5146   0.00092
70.7611   0.00081
71.0077   0.00072
71.2542   0.00066
71.5007   0.00062
71.7472   0.0006
71.9937   0.00058
72.2403   0.00057
72.4868   0.00055
72.7333   0.00054
72.9798   0.00054
73.2263   0.00056
73.4728   0.00059
73.7194   0.00063
73.9659   0.0007
74.2124   0.00079
74.4589   0.00092
74.7054   0.00109
74.9519   0.00131
75.1985   0.00156
75.445   0.00179
75.6915   0.00193
75.938   0.00196
76.1845   0.00192
76.4311   0.0018
76.6776   0.00161
76.9241   0.00138
77.1706   0.00115
77.4171   0.00096
77.6637   0.00082
77.9102   0.00072
78.1567   0.00064
78.4032   0.00059
78.6497   0.00054
78.8962   0.0005
79.1428   0.00045
79.3893   0.00042
79.6358   0.0004
79.8823   0.00038
80.1288   0.00037
80.3753   0.00037
80.6219   0.00038
80.8684   0.00039
81.1149   0.00041
81.3614   0.00043
81.6079   0.00047
81.8545   0.00051
82.101   0.00054
82.3475   0.00057
82.594   0.00059
82.8405   0.00063
83.0871   0.00069
83.3336   0.00077
83.5801   0.00089
83.8266   0.00103
84.0731   0.00119
84.3196   0.00136
84.5662   0.00152
84.8127   0.00163
85.0592   0.00165
85.3057   0.00155
85.5522   0.00138
85.7987   0.0012
86.0453   0.00105
86.2918   0.00094
86.5383   0.00086
86.7848   0.00082
87.0313   0.00081
87.2779   0.00084
87.5244   0.00089
87.7709   0.00095
88.0174   0.00099
88.2639   0.00097
88.5105   0.0009
88.757   0.0008
89.0035   0.00071
89.25   0.00064
