0.75   0.00061
0.99652   0.00067
1.24304   0.00072
1.48955   0.00072
1.73607   0.00069
1.98259   0.00064
2.22911   0.0006
2.47563   0.00057
2.72214   0.00054
2.96866   0.00053
3.21518   0.00052
3.4617   0.00051
3.70822   0.00051
3.95474   0.00051
4.20125   0.00051
4.44777   0.00052
4.69429   0.00052
4.94081   0.00053
5.18733   0.00054
5.43384   0.00055
5.68036   0.00056
5.92688   0.00057
6.1734   0.00058
6.41992   0.00059
6.66643   0.00061
6.91295   0.00062
7.15947   0.00064
7.40599   0.00065
7.65251   0.00067
7.89903   0.00069
8.14554   0.00071
8.39206   0.00073
8.63858   0.00075
8.8851   0.00077
9.13162   0.00079
9.37813   0.00082
9.62465   0.00085
9.87117   0.00087
10.1177   0.0009
10.3642   0.00093
10.6107   0.00097
10.8572   0.001
11.1038   0.00104
11.3503   0.00107
11.5968   0.00112
11.8433   0.00116
12.0898   0.00121
12.3363   0.00125
12.5829   0.00131
12.8294   0.00136
13.0759   0.00142
13.3224   0.00149
13.5689   0.00156
13.8155   0.00163
14.062   0.00171
14.3085   0.00179
14.555   0.00189
14.8015   0.00198
15.048   0.00209
15.2946   0.00221
15.5411   0.00234
15.7876   0.00248
16.0341   0.00263
16.2806   0.00279
16.5272   0.00298
16.7737   0.00318
17.0202   0.0034
17.2667   0.00365
17.5132   0.00393
17.7598   0.00424
18.0063   0.00459
18.2528   0.00499
18.4993   0.00544
18.7458   0.00595
18.9923   0.00654
19.2389   0.00722
19.4854   0.00801
19.7319   0.00894
19.9784   0.01004
20.2249   0.01135
20.4715   0.01293
20.718   0.01486
20.9645   0.01723
21.211   0.02019
21.4575   0.02394
21.704   0.02876
21.9506   0.03504
22.1971   0.04332
22.4436   0.05434
22.6901   0.06899
22.9366   0.08795
23.1832   0.11078
23.4297   0.1339
23.6762   0.14935
23.9227   0.14903
24.1692   0.13314
24.4157   0.10992
24.6623   0.0872
24.9088   0.06841
25.1553   0.05393
25.4018   0.04303
25.6483   0.03485
25.8949   0.02865
26.1414   0.0239
26.3879   0.0202
26.6344   0.01728
26.8809   0.01494
27.1274   0.01305
27.374   0.0115
27.6205   0.01022
27.867   0.00915
28.1135   0.00825
28.36   0.00748
28.6065   0.00683
28.8531   0.00627
29.0996   0.00579
29.3461   0.00537
29.5926   0.00501
29.8391   0.00469
30.0857   0.00442
30.3322   0.00418
30.5787   0.00398
30.8252   0.0038
31.0717   0.00365
31.3182   0.00352
31.5648   0.00342
31.8113   0.00334
32.0578   0.00327
32.3043   0.00323
32.5508   0.00321
32.7974   0.00321
33.0439   0.00323
33.2904   0.00328
33.5369   0.00335
33.7834   0.00346
34.0299   0.00359
34.2765   0.00378
34.523   0.00401
34.7695   0.0043
35.016   0.00467
35.2625   0.00514
35.5091   0.00573
35.7556   0.00649
36.0021   0.00746
36.2486   0.00873
36.4951   0.0104
36.7416   0.01263
36.9882   0.0156
37.2347   0.01954
37.4812   0.02456
37.7277   0.03041
37.9742   0.03605
38.2208   0.0395
38.4673   0.03894
38.7138   0.03461
38.9603   0.02859
39.2068   0.02278
39.4533   0.01801
39.6999   0.01434
39.9464   0.01159
40.1929   0.00952
40.4394   0.00796
40.6859   0.00676
40.9325   0.00585
41.179   0.00513
41.4255   0.00459
41.672   0.00417
41.9185   0.00386
42.165   0.00364
42.4116   0.00349
42.6581   0.00334
42.9046   0.00316
43.1511   0.0029
43.3976   0.00263
43.6442   0.00237
43.8907   0.00214
44.1372   0.00196
44.3837   0.00181
44.6302   0.00168
44.8767   0.00157
45.1233   0.00148
45.3698   0.0014
45.6163   0.00134
45.8628   0.00128
46.1093   0.00123
46.3558   0.00119
46.6024   0.00115
46.8489   0.00112
47.0954   0.00109
47.3419   0.00107
47.5884   0.00105
47.835   0.00104
48.0815   0.00103
48.328   0.00102
48.5745   0.00103
48.821   0.00103
49.0675   0.00105
49.3141   0.00107
49.5606   0.0011
49.8071   0.00114
50.0536   0.0012
50.3001   0.00127
50.5467   0.00137
50.7932   0.0015
51.0397   0.00167
51.2862   0.0019
51.5327   0.0022
51.7792   0.00257
52.0258   0.00299
52.2723   0.00336
52.5188   0.00355
52.7653   0.00353
53.0118   0.00338
53.2584   0.00326
53.5049   0.00327
53.7514   0.00343
53.9979   0.00376
54.2444   0.00422
54.4909   0.00469
54.7375   0.00501
54.984   0.00506
55.2305   0.00495
55.477   0.00488
55.7235   0.005
55.9701   0.00532
56.2166   0.00574
56.4631   0.00604
56.7096   0.00604
56.9561   0.00573
57.2026   0.0052
57.4492   0.00457
57.6957   0.00394
57.9422   0.00342
58.1887   0.00302
58.4352   0.00274
58.6818   0.00258
58.9283   0.00251
59.1748   0.00253
59.4213   0.00263
59.6678   0.00282
59.9143   0.00313
60.1609   0.00357
60.4074   0.00417
60.6539   0.00494
60.9004   0.00582
61.1469   0.00671
61.3935   0.00748
61.64   0.0081
61.8865   0.00852
62.133   0.00865
62.3795   0.00854
62.626   0.00833
62.8726   0.00803
63.1191   0.00752
63.3656   0.00676
63.6121   0.00585
63.8586   0.00494
64.1051   0.00415
64.3517   0.00352
64.5982   0.00305
64.8447   0.00272
65.0912   0.0025
65.3377   0.00238
65.5843   0.00234
65.8308   0.00238
66.0773   0.00251
66.3238   0.00272
66.5703   0.00299
66.8169   0.00324
67.0634   0.00342
67.3099   0.00353
67.5564   0.00365
67.8029   0.00383
68.0494   0.00402
68.296   0.00408
68.5425   0.004
68.789   0.00385
69.0355   0.00377
69.282   0.00386
69.5285   0.00411
69.7751   0.00445
70.0216   0.00471
70.2681   0.00469
70.5146   0.00439
70.7611   0.00398
71.0077   0.00364
71.2542   0.00344
71.5007   0.00339
71.7472   0.00337
71.9937   0.00328
72.2403   0.00302
72.4868   0.00265
72.7333   0.00226
72.9798   0.00192
73.2263   0.00165
73.4728   0.00144
73.7194   0.00128
73.9659   0.00117
74.2124   0.00109
74.4589   0.00103
74.7054   0.001
74.9519   0.00098
75.1985   0.00096
75.445   0.00096
75.6915   0.00097
75.938   0.00101
76.1845   0.00106
76.4311   0.00114
76.6776   0.00126
76.9241   0.00141
77.1706   0.00162
77.4171   0.0019
77.6637   0.00228
77.9102   0.00278
78.1567   0.00337
78.4032   0.00394
78.6497   0.00427
78.8962   0.00418
79.1428   0.00374
79.3893   0.00317
79.6358   0.00266
79.8823   0.00227
80.1288   0.00201
80.3753   0.00186
80.6219   0.00181
80.8684   0.00185
81.1149   0.00198
81.3614   0.00218
81.6079   0.00239
81.8545   0.00252
82.101   0.00246
82.3475   0.00222
82.594   0.00189
82.8405   0.00158
83.0871   0.00132
83.3336   0.00112
83.5801   0.00097
83.8266   0.00086
84.0731   0.00077
84.3196   0.00069
84.5662   0.00063
84.8127   0.00058
85.0592   0.00054
85.3057   0.00051
85.5522   0.00048
85.7987   0.00046
86.0453   0.00044
86.2918   0.00043
86.5383   0.00041
86.7848   0.0004
87.0313   0.0004
87.2779   0.0004
87.5244   0.00039
87.7709   0.00039
88.0174   0.00038
88.2639   0.00037
88.5105   0.00036
88.757   0.00035
89.0035   0.00034
89.25   0.00032
