0.75   9e-05
0.99652   9e-05
1.24304   9e-05
1.48955   9e-05
1.73607   0.0001
1.98259   0.0001
2.22911   0.0001
2.47563   0.0001
2.72214   0.0001
2.96866   0.0001
3.21518   0.0001
3.4617   0.0001
3.70822   0.0001
3.95474   0.0001
4.20125   0.00011
4.44777   0.00011
4.69429   0.00011
4.94081   0.00011
5.18733   0.00011
5.43384   0.00011
5.68036   0.00011
5.92688   0.00011
6.1734   0.00012
6.41992   0.00012
6.66643   0.00012
6.91295   0.00012
7.15947   0.00012
7.40599   0.00012
7.65251   0.00012
7.89903   0.00013
8.14554   0.00013
8.39206   0.00013
8.63858   0.00013
8.8851   0.00013
9.13162   0.00013
9.37813   0.00014
9.62465   0.00014
9.87117   0.00014
10.1177   0.00014
10.3642   0.00014
10.6107   0.00014
10.8572   0.00015
11.1038   0.00015
11.3503   0.00015
11.5968   0.00015
11.8433   0.00015
12.0898   0.00016
12.3363   0.00016
12.5829   0.00016
12.8294   0.00016
13.0759   0.00016
13.3224   0.00017
13.5689   0.00017
13.8155   0.00017
14.062   0.00017
14.3085   0.00018
14.555   0.00018
14.8015   0.00018
15.048   0.00018
15.2946   0.00019
15.5411   0.00019
15.7876   0.00019
16.0341   0.0002
16.2806   0.0002
16.5272   0.0002
16.7737   0.00021
17.0202   0.00021
17.2667   0.00021
17.5132   0.00022
17.7598   0.00022
18.0063   0.00022
18.2528   0.00023
18.4993   0.00023
18.7458   0.00023
18.9923   0.00024
19.2389   0.00024
19.4854   0.00025
19.7319   0.00025
19.9784   0.00026
20.2249   0.00026
20.4715   0.00027
20.718   0.00027
20.9645   0.00028
21.211   0.00028
21.4575   0.00029
21.704   0.00029
21.9506   0.0003
22.1971   0.0003
22.4436   0.00031
22.6901   0.00032
22.9366   0.00032
23.1832   0.00033
23.4297   0.00034
23.6762   0.00035
23.9227   0.00035
24.1692   0.00036
24.4157   0.00037
24.6623   0.00038
24.9088   0.00039
25.1553   0.0004
25.4018   0.00041
25.6483   0.00042
25.8949   0.00043
26.1414   0.00044
26.3879   0.00045
26.6344   0.00046
26.8809   0.00047
27.1274   0.00049
27.374   0.0005
27.6205   0.00052
27.867   0.00053
28.1135   0.00055
28.36   0.00057
28.6065   0.00058
28.8531   0.0006
29.0996   0.00062
29.3461   0.00064
29.5926   0.00067
29.8391   0.00069
30.0857   0.00072
30.3322   0.00075
30.5787   0.00078
30.8252   0.00081
31.0717   0.00085
31.3182   0.00088
31.5648   0.00093
31.8113   0.00097
32.0578   0.00102
32.3043   0.00108
32.5508   0.00114
32.7974   0.00121
33.0439   0.00129
33.2904   0.00138
33.5369   0.00148
33.7834   0.0016
34.0299   0.00174
34.2765   0.00191
34.523   0.0021
34.7695   0.00234
35.016   0.00264
35.2625   0.00301
35.5091   0.00348
35.7556   0.00409
36.0021   0.00489
36.2486   0.00595
36.4951   0.00733
36.7416   0.00905
36.9882   0.01095
37.2347   0.01253
37.4812   0.01307
37.7277   0.0123
37.9742   0.0107
38.2208   0.00896
38.4673   0.00749
38.7138   0.00637
38.9603   0.00556
39.2068   0.005
39.4533   0.00462
39.6999   0.00439
39.9464   0.00426
40.1929   0.00423
40.4394   0.00427
40.6859   0.00439
40.9325   0.00458
41.179   0.00484
41.4255   0.00519
41.672   0.00565
41.9185   0.00623
42.165   0.00697
42.4116   0.00792
42.6581   0.00915
42.9046   0.01075
43.1511   0.0128
43.3976   0.01534
43.6442   0.01817
43.8907   0.02072
44.1372   0.02227
44.3837   0.02269
44.6302   0.0227
44.8767   0.02322
45.1233   0.02482
45.3698   0.02775
45.6163   0.03193
45.8628   0.0367
46.1093   0.04061
46.3558   0.04221
46.6024   0.04154
46.8489   0.04007
47.0954   0.03918
47.3419   0.03913
47.5884   0.03927
47.835   0.03888
48.0815   0.03813
48.328   0.03779
48.5745   0.03865
48.821   0.04135
49.0675   0.04645
49.3141   0.05433
49.5606   0.06478
49.8071   0.07612
50.0536   0.08446
50.3001   0.08551
50.5467   0.07898
50.7932   0.06901
51.0397   0.05968
51.2862   0.0525
51.5327   0.04686
51.7792   0.04139
52.0258   0.03549
52.2723   0.02966
52.5188   0.02457
52.7653   0.02048
53.0118   0.01728
53.2584   0.0148
53.5049   0.01288
53.7514   0.01139
53.9979   0.01026
54.2444   0.00942
54.4909   0.00883
54.7375   0.00846
54.984   0.0083
55.2305   0.00833
55.477   0.00853
55.7235   0.00889
55.9701   0.00932
56.2166   0.00963
56.4631   0.00975
56.7096   0.00981
56.9561   0.01008
57.2026   0.01073
57.4492   0.01174
57.6957   0.01283
57.9422   0.01341
58.1887   0.01297
58.4352   0.01161
58.6818   0.00991
58.9283   0.00834
59.1748   0.00708
59.4213   0.00611
59.6678   0.00538
59.9143   0.00481
60.1609   0.00438
60.4074   0.00407
60.6539   0.00387
60.9004   0.00377
61.1469   0.00377
61.3935   0.00382
61.64   0.00386
61.8865   0.00382
62.133   0.0037
62.3795   0.00357
62.626   0.00348
62.8726   0.00347
63.1191   0.00352
63.3656   0.00362
63.6121   0.00375
63.8586   0.00389
64.1051   0.00397
64.3517   0.00401
64.5982   0.00404
64.8447   0.00415
65.0912   0.00434
65.3377   0.00457
65.5843   0.00472
65.8308   0.00475
66.0773   0.00469
66.3238   0.00463
66.5703   0.00463
66.8169   0.00471
67.0634   0.00491
67.3099   0.0052
67.5564   0.00553
67.8029   0.00581
68.0494   0.00594
68.296   0.00597
68.5425   0.006
68.789   0.00617
69.0355   0.00655
69.282   0.0072
69.5285   0.00818
69.7751   0.00955
70.0216   0.0113
70.2681   0.01331
70.5146   0.01511
70.7611   0.01602
71.0077   0.01556
71.2542   0.01401
71.5007   0.01214
71.7472   0.0105
71.9937   0.00928
72.2403   0.00845
72.4868   0.00797
72.7333   0.00778
72.9798   0.00788
73.2263   0.0083
73.4728   0.00908
73.7194   0.01018
73.9659   0.01138
74.2124   0.0122
74.4589   0.01222
74.7054   0.01149
74.9519   0.01052
75.1985   0.00974
75.445   0.00926
75.6915   0.00894
75.938   0.00855
76.1845   0.00803
76.4311   0.00744
76.6776   0.00684
76.9241   0.0063
77.1706   0.00586
77.4171   0.00555
77.6637   0.00535
77.9102   0.00527
78.1567   0.00532
78.4032   0.00552
78.6497   0.00585
78.8962   0.00623
79.1428   0.00648
79.3893   0.00645
79.6358   0.00616
79.8823   0.00576
80.1288   0.00536
80.3753   0.00502
80.6219   0.00479
80.8684   0.00467
81.1149   0.00461
81.3614   0.00451
81.6079   0.00429
81.8545   0.004
82.101   0.00373
82.3475   0.0035
82.594   0.00329
82.8405   0.00309
83.0871   0.0029
83.3336   0.00273
83.5801   0.00262
83.8266   0.00259
84.0731   0.00266
84.3196   0.00282
84.5662   0.00305
84.8127   0.00331
85.0592   0.00352
85.3057   0.00367
85.5522   0.0038
85.7987   0.004
86.0453   0.00429
86.2918   0.00455
86.5383   0.00461
86.7848   0.00438
87.0313   0.00396
87.2779   0.00354
87.5244   0.00321
87.7709   0.00301
88.0174   0.00292
88.2639   0.00294
88.5105   0.00304
88.757   0.00321
89.0035   0.00346
89.25   0.00377
