0.75   0.00011
0.99652   0.00012
1.24304   0.00012
1.48955   0.00012
1.73607   0.00012
1.98259   0.00012
2.22911   0.00012
2.47563   0.00012
2.72214   0.00013
2.96866   0.00013
3.21518   0.00013
3.4617   0.00013
3.70822   0.00013
3.95474   0.00013
4.20125   0.00014
4.44777   0.00014
4.69429   0.00014
4.94081   0.00014
5.18733   0.00014
5.43384   0.00014
5.68036   0.00015
5.92688   0.00015
6.1734   0.00015
6.41992   0.00015
6.66643   0.00015
6.91295   0.00016
7.15947   0.00016
7.40599   0.00016
7.65251   0.00016
7.89903   0.00017
8.14554   0.00017
8.39206   0.00017
8.63858   0.00017
8.8851   0.00018
9.13162   0.00018
9.37813   0.00018
9.62465   0.00018
9.87117   0.00019
10.1177   0.00019
10.3642   0.00019
10.6107   0.0002
10.8572   0.0002
11.1038   0.0002
11.3503   0.00021
11.5968   0.00021
11.8433   0.00021
12.0898   0.00022
12.3363   0.00022
12.5829   0.00022
12.8294   0.00023
13.0759   0.00023
13.3224   0.00023
13.5689   0.00024
13.8155   0.00024
14.062   0.00025
14.3085   0.00025
14.555   0.00026
14.8015   0.00026
15.048   0.00027
15.2946   0.00027
15.5411   0.00028
15.7876   0.00028
16.0341   0.00029
16.2806   0.00029
16.5272   0.0003
16.7737   0.00031
17.0202   0.00031
17.2667   0.00032
17.5132   0.00033
17.7598   0.00034
18.0063   0.00034
18.2528   0.00035
18.4993   0.00036
18.7458   0.00037
18.9923   0.00038
19.2389   0.00039
19.4854   0.00039
19.7319   0.0004
19.9784   0.00042
20.2249   0.00043
20.4715   0.00044
20.718   0.00045
20.9645   0.00046
21.211   0.00048
21.4575   0.00049
21.704   0.0005
21.9506   0.00052
22.1971   0.00053
22.4436   0.00055
22.6901   0.00057
22.9366   0.00059
23.1832   0.00061
23.4297   0.00063
23.6762   0.00065
23.9227   0.00068
24.1692   0.00071
24.4157   0.00073
24.6623   0.00077
24.9088   0.0008
25.1553   0.00084
25.4018   0.00088
25.6483   0.00092
25.8949   0.00097
26.1414   0.00102
26.3879   0.00108
26.6344   0.00115
26.8809   0.00122
27.1274   0.00131
27.374   0.00141
27.6205   0.00153
27.867   0.00166
28.1135   0.00182
28.36   0.00202
28.6065   0.00226
28.8531   0.00255
29.0996   0.00292
29.3461   0.0034
29.5926   0.00402
29.8391   0.00485
30.0857   0.00593
30.3322   0.00732
30.5787   0.009
30.8252   0.01068
31.0717   0.01179
31.3182   0.01176
31.5648   0.01065
31.8113   0.00907
32.0578   0.00757
32.3043   0.00635
32.5508   0.00546
32.7974   0.00482
33.0439   0.00438
33.2904   0.00408
33.5369   0.00391
33.7834   0.00382
34.0299   0.00381
34.2765   0.00386
34.523   0.00398
34.7695   0.00416
35.016   0.00441
35.2625   0.00474
35.5091   0.00515
35.7556   0.00569
36.0021   0.00637
36.2486   0.00725
36.4951   0.00839
36.7416   0.00986
36.9882   0.01172
37.2347   0.01394
37.4812   0.01625
37.7277   0.01808
37.9742   0.01894
38.2208   0.01905
38.4673   0.01915
38.7138   0.01989
38.9603   0.02162
39.2068   0.02448
39.4533   0.0283
39.6999   0.03239
39.9464   0.03549
40.1929   0.03659
40.4394   0.03607
40.6859   0.03523
40.9325   0.03499
41.179   0.03528
41.4255   0.03534
41.672   0.0348
41.9185   0.03406
42.165   0.03385
42.4116   0.03481
42.6581   0.03749
42.9046   0.04237
43.1511   0.04984
43.3976   0.06003
43.6442   0.07209
43.8907   0.08314
44.1372   0.08868
44.3837   0.08641
44.6302   0.079
44.8767   0.07088
45.1233   0.06413
45.3698   0.05805
45.6163   0.05115
45.8628   0.0433
46.1093   0.03563
46.3558   0.02907
46.6024   0.02387
46.8489   0.01987
47.0954   0.01683
47.3419   0.01451
47.5884   0.01275
47.835   0.01141
48.0815   0.01041
48.328   0.0097
48.5745   0.00926
48.821   0.00908
49.0675   0.00915
49.3141   0.00947
49.5606   0.00993
49.8071   0.01036
50.0536   0.01057
50.3001   0.01059
50.5467   0.01069
50.7932   0.01114
51.0397   0.01204
51.2862   0.01326
51.5327   0.01433
51.7792   0.01452
52.0258   0.0135
52.2723   0.01168
52.5188   0.00971
52.7653   0.008
53.0118   0.00665
53.2584   0.00561
53.5049   0.00481
53.7514   0.0042
53.9979   0.00372
54.2444   0.00334
54.4909   0.00304
54.7375   0.00279
54.984   0.00259
55.2305   0.00243
55.477   0.0023
55.7235   0.00219
55.9701   0.0021
56.2166   0.00202
56.4631   0.00195
56.7096   0.00188
56.9561   0.00182
57.2026   0.00177
57.4492   0.00175
57.6957   0.00173
57.9422   0.00174
58.1887   0.00174
58.4352   0.00175
58.6818   0.00174
58.9283   0.00173
59.1748   0.00173
59.4213   0.00174
59.6678   0.00176
59.9143   0.00179
60.1609   0.00183
60.4074   0.00188
60.6539   0.00196
60.9004   0.00206
61.1469   0.0022
61.3935   0.00238
61.64   0.00262
61.8865   0.00291
62.133   0.00326
62.3795   0.00365
62.626   0.00411
62.8726   0.00471
63.1191   0.00551
63.3656   0.00658
63.6121   0.008
63.8586   0.00978
64.1051   0.01174
64.3517   0.01337
64.5982   0.01391
64.8447   0.01305
65.0912   0.01133
65.3377   0.0095
65.5843   0.00798
65.8308   0.00688
66.0773   0.00618
66.3238   0.00582
66.5703   0.00577
66.8169   0.00603
67.0634   0.0066
67.3099   0.00748
67.5564   0.00857
67.8029   0.00958
68.0494   0.01006
68.296   0.0098
68.5425   0.00907
68.789   0.00831
69.0355   0.00774
69.282   0.00733
69.5285   0.0069
69.7751   0.00631
70.0216   0.00559
70.2681   0.00489
70.5146   0.0043
70.7611   0.00386
71.0077   0.00359
71.2542   0.00346
71.5007   0.00349
71.7472   0.00365
71.9937   0.00392
72.2403   0.00429
72.4868   0.00469
72.7333   0.00502
72.9798   0.0051
73.2263   0.00483
73.4728   0.00435
73.7194   0.00382
73.9659   0.00336
74.2124   0.00302
74.4589   0.00281
74.7054   0.0027
74.9519   0.00271
75.1985   0.0028
75.445   0.00296
75.6915   0.00312
75.938   0.00323
76.1845   0.00324
76.4311   0.00318
76.6776   0.0031
76.9241   0.00306
77.1706   0.00307
77.4171   0.00311
77.6637   0.00314
77.9102   0.00314
78.1567   0.00315
78.4032   0.00321
78.6497   0.0033
78.8962   0.00344
79.1428   0.00363
79.3893   0.0039
79.6358   0.00427
79.8823   0.00467
80.1288   0.00498
80.3753   0.00505
80.6219   0.00494
80.8684   0.0048
81.1149   0.00474
81.3614   0.00476
81.6079   0.00476
81.8545   0.00473
82.101   0.00472
82.3475   0.00477
82.594   0.00486
82.8405   0.00499
83.0871   0.00518
83.3336   0.00541
83.5801   0.00555
83.8266   0.00542
84.0731   0.005
84.3196   0.00445
84.5662   0.00395
84.8127   0.00358
85.0592   0.00339
85.3057   0.00333
85.5522   0.00337
85.7987   0.00346
86.0453   0.00362
86.2918   0.00385
86.5383   0.00418
86.7848   0.00452
87.0313   0.00469
87.2779   0.00458
87.5244   0.00426
87.7709   0.0039
88.0174   0.00364
88.2639   0.00354
88.5105   0.00362
88.757   0.00389
89.0035   0.00437
89.25   0.005
