0.75   0.00012
0.99652   0.00012
1.24304   0.00012
1.48955   0.00013
1.73607   0.00013
1.98259   0.00013
2.22911   0.00013
2.47563   0.00013
2.72214   0.00013
2.96866   0.00014
3.21518   0.00014
3.4617   0.00014
3.70822   0.00014
3.95474   0.00014
4.20125   0.00014
4.44777   0.00015
4.69429   0.00015
4.94081   0.00015
5.18733   0.00015
5.43384   0.00015
5.68036   0.00016
5.92688   0.00016
6.1734   0.00016
6.41992   0.00016
6.66643   0.00017
6.91295   0.00017
7.15947   0.00017
7.40599   0.00017
7.65251   0.00017
7.89903   0.00018
8.14554   0.00018
8.39206   0.00018
8.63858   0.00019
8.8851   0.00019
9.13162   0.00019
9.37813   0.00019
9.62465   0.0002
9.87117   0.0002
10.1177   0.0002
10.3642   0.00021
10.6107   0.00021
10.8572   0.00021
11.1038   0.00022
11.3503   0.00022
11.5968   0.00022
11.8433   0.00023
12.0898   0.00023
12.3363   0.00024
12.5829   0.00024
12.8294   0.00024
13.0759   0.00025
13.3224   0.00025
13.5689   0.00026
13.8155   0.00026
14.062   0.00027
14.3085   0.00027
14.555   0.00028
14.8015   0.00028
15.048   0.00029
15.2946   0.00029
15.5411   0.0003
15.7876   0.00031
16.0341   0.00031
16.2806   0.00032
16.5272   0.00033
16.7737   0.00033
17.0202   0.00034
17.2667   0.00035
17.5132   0.00036
17.7598   0.00036
18.0063   0.00037
18.2528   0.00038
18.4993   0.00039
18.7458   0.0004
18.9923   0.00041
19.2389   0.00042
19.4854   0.00043
19.7319   0.00044
19.9784   0.00045
20.2249   0.00047
20.4715   0.00048
20.718   0.00049
20.9645   0.00051
21.211   0.00052
21.4575   0.00054
21.704   0.00055
21.9506   0.00057
22.1971   0.00059
22.4436   0.00061
22.6901   0.00063
22.9366   0.00065
23.1832   0.00067
23.4297   0.00069
23.6762   0.00072
23.9227   0.00075
24.1692   0.00078
24.4157   0.00081
24.6623   0.00084
24.9088   0.00088
25.1553   0.00092
25.4018   0.00097
25.6483   0.00102
25.8949   0.00107
26.1414   0.00113
26.3879   0.00119
26.6344   0.00127
26.8809   0.00135
27.1274   0.00145
27.374   0.00156
27.6205   0.00168
27.867   0.00183
28.1135   0.00201
28.36   0.00222
28.6065   0.00248
28.8531   0.0028
29.0996   0.0032
29.3461   0.00372
29.5926   0.0044
29.8391   0.00529
30.0857   0.00646
30.3322   0.00794
30.5787   0.00965
30.8252   0.01124
31.0717   0.01207
31.3182   0.01173
31.5648   0.01047
31.8113   0.00893
32.0578   0.00756
32.3043   0.00651
32.5508   0.00576
32.7974   0.00526
33.0439   0.00495
33.2904   0.00478
33.5369   0.00474
33.7834   0.0048
34.0299   0.00496
34.2765   0.0052
34.523   0.00555
34.7695   0.00601
35.016   0.00662
35.2625   0.00739
35.5091   0.0084
35.7556   0.0097
36.0021   0.01141
36.2486   0.01364
36.4951   0.01654
36.7416   0.02014
36.9882   0.02416
37.2347   0.02775
37.4812   0.02976
37.7277   0.02975
37.9742   0.02849
38.2208   0.02719
38.4673   0.02677
38.7138   0.02771
38.9603   0.03016
39.2068   0.03397
39.4533   0.03842
39.6999   0.04208
39.9464   0.04351
40.1929   0.04269
40.4394   0.04112
40.6859   0.04019
40.9325   0.0403
41.179   0.04082
41.4255   0.04101
41.672   0.04094
41.9185   0.04144
42.165   0.04338
42.4116   0.04744
42.6581   0.05393
42.9046   0.06228
43.1511   0.07014
43.3976   0.0737
43.6442   0.07057
43.8907   0.0625
44.1372   0.05318
44.3837   0.04501
44.6302   0.03877
44.8767   0.03429
45.1233   0.03087
45.3698   0.02762
45.6163   0.02412
45.8628   0.02062
46.1093   0.01755
46.3558   0.01507
46.6024   0.01318
46.8489   0.01177
47.0954   0.01076
47.3419   0.01006
47.5884   0.0096
47.835   0.0093
48.0815   0.00913
48.328   0.0091
48.5745   0.00928
48.821   0.00974
49.0675   0.01053
49.3141   0.01169
49.5606   0.01316
49.8071   0.01473
50.0536   0.01626
50.3001   0.01778
50.5467   0.01928
50.7932   0.02042
51.0397   0.02081
51.2862   0.02045
51.5327   0.01949
51.7792   0.01794
52.0258   0.01592
52.2723   0.01371
52.5188   0.01157
52.7653   0.00968
53.0118   0.00813
53.2584   0.00689
53.5049   0.00594
53.7514   0.0052
53.9979   0.00464
54.2444   0.00422
54.4909   0.00392
54.7375   0.0037
54.984   0.00357
55.2305   0.00351
55.477   0.00352
55.7235   0.00358
55.9701   0.00368
56.2166   0.00376
56.4631   0.00379
56.7096   0.00379
56.9561   0.00386
57.2026   0.00404
57.4492   0.00436
57.6957   0.00476
57.9422   0.00508
58.1887   0.00512
58.4352   0.00481
58.6818   0.00429
58.9283   0.00375
59.1748   0.00331
59.4213   0.00298
59.6678   0.00274
59.9143   0.00256
60.1609   0.00244
60.4074   0.00237
60.6539   0.00235
60.9004   0.00239
61.1469   0.00248
61.3935   0.00262
61.64   0.00278
61.8865   0.00295
62.133   0.00312
62.3795   0.00332
62.626   0.00358
62.8726   0.00395
63.1191   0.00447
63.3656   0.00517
63.6121   0.00607
63.8586   0.00715
64.1051   0.00826
64.3517   0.00905
64.5982   0.00915
64.8447   0.00851
65.0912   0.00751
65.3377   0.00653
65.5843   0.00574
65.8308   0.00518
66.0773   0.00482
66.3238   0.00467
66.5703   0.00471
66.8169   0.00495
67.0634   0.00541
67.3099   0.00606
67.5564   0.00681
67.8029   0.00742
68.0494   0.00762
68.296   0.00736
68.5425   0.00688
68.789   0.00647
69.0355   0.00624
69.282   0.00616
69.5285   0.00612
69.7751   0.00605
70.0216   0.00599
70.2681   0.00603
70.5146   0.00618
70.7611   0.0063
71.0077   0.00623
71.2542   0.00591
71.5007   0.0055
71.7472   0.00515
71.9937   0.00495
72.2403   0.00491
72.4868   0.00497
72.7333   0.00507
72.9798   0.0051
73.2263   0.00503
73.4728   0.00494
73.7194   0.00493
73.9659   0.00503
74.2124   0.00514
74.4589   0.00513
74.7054   0.00496
74.9519   0.00474
75.1985   0.00459
75.445   0.00454
75.6915   0.00453
75.938   0.00447
76.1845   0.00431
76.4311   0.00409
76.6776   0.00386
76.9241   0.00368
77.1706   0.00355
77.4171   0.00347
77.6637   0.00343
77.9102   0.00342
78.1567   0.00345
78.4032   0.00356
78.6497   0.00373
78.8962   0.00394
79.1428   0.00414
79.3893   0.00429
79.6358   0.00439
79.8823   0.00446
80.1288   0.00447
80.3753   0.00437
80.6219   0.00422
80.8684   0.0041
81.1149   0.00406
81.3614   0.00403
81.6079   0.00395
81.8545   0.00384
82.101   0.00376
82.3475   0.00371
82.594   0.0037
82.8405   0.00371
83.0871   0.00376
83.3336   0.00384
83.5801   0.00387
83.8266   0.00379
84.0731   0.00357
84.3196   0.00331
84.5662   0.00311
84.8127   0.00299
85.0592   0.00296
85.3057   0.00299
85.5522   0.00306
85.7987   0.00319
86.0453   0.00337
86.2918   0.00359
86.5383   0.00379
86.7848   0.00389
87.0313   0.00383
87.2779   0.00362
87.5244   0.00333
87.7709   0.00308
88.0174   0.00293
88.2639   0.00289
88.5105   0.00299
88.757   0.00322
89.0035   0.00358
89.25   0.00404
