0.75   6e-05
0.99652   6e-05
1.24304   6e-05
1.48955   6e-05
1.73607   6e-05
1.98259   6e-05
2.22911   6e-05
2.47563   6e-05
2.72214   6e-05
2.96866   6e-05
3.21518   6e-05
3.4617   6e-05
3.70822   6e-05
3.95474   6e-05
4.20125   6e-05
4.44777   6e-05
4.69429   7e-05
4.94081   7e-05
5.18733   7e-05
5.43384   7e-05
5.68036   7e-05
5.92688   7e-05
6.1734   7e-05
6.41992   7e-05
6.66643   7e-05
6.91295   7e-05
7.15947   8e-05
7.40599   8e-05
7.65251   8e-05
7.89903   8e-05
8.14554   8e-05
8.39206   8e-05
8.63858   8e-05
8.8851   8e-05
9.13162   9e-05
9.37813   9e-05
9.62465   9e-05
9.87117   9e-05
10.1177   9e-05
10.3642   9e-05
10.6107   0.0001
10.8572   0.0001
11.1038   0.0001
11.3503   0.0001
11.5968   0.0001
11.8433   0.00011
12.0898   0.00011
12.3363   0.00011
12.5829   0.00011
12.8294   0.00012
13.0759   0.00012
13.3224   0.00012
13.5689   0.00012
13.8155   0.00013
14.062   0.00013
14.3085   0.00013
14.555   0.00014
14.8015   0.00014
15.048   0.00014
15.2946   0.00015
15.5411   0.00015
15.7876   0.00015
16.0341   0.00016
16.2806   0.00016
16.5272   0.00017
16.7737   0.00017
17.0202   0.00018
17.2667   0.00018
17.5132   0.00019
17.7598   0.00019
18.0063   0.0002
18.2528   0.0002
18.4993   0.00021
18.7458   0.00022
18.9923   0.00023
19.2389   0.00023
19.4854   0.00024
19.7319   0.00025
19.9784   0.00026
20.2249   0.00027
20.4715   0.00028
20.718   0.00029
20.9645   0.0003
21.211   0.00031
21.4575   0.00033
21.704   0.00034
21.9506   0.00035
22.1971   0.00037
22.4436   0.00039
22.6901   0.00041
22.9366   0.00043
23.1832   0.00045
23.4297   0.00047
23.6762   0.0005
23.9227   0.00052
24.1692   0.00056
24.4157   0.00059
24.6623   0.00062
24.9088   0.00066
25.1553   0.00071
25.4018   0.00076
25.6483   0.00081
25.8949   0.00087
26.1414   0.00094
26.3879   0.00102
26.6344   0.00111
26.8809   0.00121
27.1274   0.00133
27.374   0.00146
27.6205   0.00162
27.867   0.00181
28.1135   0.00204
28.36   0.00231
28.6065   0.00264
28.8531   0.00304
29.0996   0.00355
29.3461   0.0042
29.5926   0.00503
29.8391   0.00612
30.0857   0.00756
30.3322   0.00948
30.5787   0.01201
30.8252   0.01519
31.0717   0.01874
31.3182   0.02176
31.5648   0.0229
31.8113   0.02151
32.0578   0.01844
32.3043   0.01502
32.5508   0.01206
32.7974   0.00976
33.0439   0.00807
33.2904   0.00685
33.5369   0.00599
33.7834   0.0054
34.0299   0.00502
34.2765   0.00482
34.523   0.00478
34.7695   0.00489
35.016   0.00517
35.2625   0.00563
35.5091   0.00632
35.7556   0.00731
36.0021   0.00869
36.2486   0.0106
36.4951   0.01316
36.7416   0.01644
36.9882   0.02018
37.2347   0.02346
37.4812   0.0248
37.7277   0.0234
37.9742   0.02004
38.2208   0.0162
38.4673   0.01281
38.7138   0.01012
38.9603   0.00809
39.2068   0.00657
39.4533   0.00542
39.6999   0.00455
39.9464   0.00387
40.1929   0.00332
40.4394   0.00289
40.6859   0.00253
40.9325   0.00224
41.179   0.002
41.4255   0.0018
41.672   0.00163
41.9185   0.00149
42.165   0.00137
42.4116   0.00127
42.6581   0.00118
42.9046   0.00111
43.1511   0.00105
43.3976   0.001
43.6442   0.00096
43.8907   0.00093
44.1372   0.00091
44.3837   0.0009
44.6302   0.00091
44.8767   0.00093
45.1233   0.00095
45.3698   0.00099
45.6163   0.00102
45.8628   0.00105
46.1093   0.00106
46.3558   0.00105
46.6024   0.00102
46.8489   0.00098
47.0954   0.00096
47.3419   0.00096
47.5884   0.00099
47.835   0.00105
48.0815   0.00113
48.328   0.00121
48.5745   0.00124
48.821   0.00124
49.0675   0.0012
49.3141   0.00117
49.5606   0.00115
49.8071   0.00116
50.0536   0.0012
50.3001   0.00126
50.5467   0.00134
50.7932   0.00144
51.0397   0.00155
51.2862   0.00169
51.5327   0.00187
51.7792   0.00209
52.0258   0.00234
52.2723   0.00253
52.5188   0.00259
52.7653   0.0025
53.0118   0.00235
53.2584   0.00223
53.5049   0.00221
53.7514   0.00229
53.9979   0.00244
54.2444   0.00263
54.4909   0.00279
54.7375   0.00283
54.984   0.0027
55.2305   0.00247
55.477   0.00224
55.7235   0.00206
55.9701   0.00197
56.2166   0.00196
56.4631   0.00204
56.7096   0.00218
56.9561   0.00233
57.2026   0.00242
57.4492   0.00241
57.6957   0.00233
57.9422   0.00221
58.1887   0.00206
58.4352   0.00189
58.6818   0.00173
58.9283   0.00161
59.1748   0.00156
59.4213   0.00156
59.6678   0.00161
59.9143   0.00171
60.1609   0.00185
60.4074   0.002
60.6539   0.00214
60.9004   0.00225
61.1469   0.0023
61.3935   0.00226
61.64   0.00217
61.8865   0.00206
62.133   0.00197
62.3795   0.00193
62.626   0.00194
62.8726   0.00201
63.1191   0.00209
63.3656   0.00217
63.6121   0.0022
63.8586   0.00216
64.1051   0.00207
64.3517   0.00194
64.5982   0.0018
64.8447   0.00168
65.0912   0.00162
65.3377   0.00161
65.5843   0.00163
65.8308   0.00167
66.0773   0.00171
66.3238   0.00178
66.5703   0.00187
66.8169   0.00195
67.0634   0.00199
67.3099   0.002
67.5564   0.00203
67.8029   0.0021
68.0494   0.00215
68.296   0.0021
68.5425   0.00195
68.789   0.00174
69.0355   0.00154
69.282   0.00137
69.5285   0.00124
69.7751   0.00113
70.0216   0.00105
70.2681   0.00101
70.5146   0.00101
70.7611   0.00105
71.0077   0.00113
71.2542   0.00126
71.5007   0.00141
71.7472   0.00154
71.9937   0.00157
72.2403   0.00149
72.4868   0.00134
72.7333   0.00118
72.9798   0.00104
73.2263   0.00093
73.4728   0.00084
73.7194   0.00077
73.9659   0.00072
74.2124   0.00071
74.4589   0.00072
74.7054   0.00076
74.9519   0.00082
75.1985   0.00089
75.445   0.00094
75.6915   0.00096
75.938   0.00096
76.1845   0.00094
76.4311   0.00091
76.6776   0.00087
76.9241   0.00081
77.1706   0.00074
77.4171   0.0007
77.6637   0.00067
77.9102   0.00067
78.1567   0.00069
78.4032   0.00074
78.6497   0.00079
78.8962   0.00083
79.1428   0.00084
79.3893   0.00082
79.6358   0.00078
79.8823   0.00075
80.1288   0.00075
80.3753   0.00079
80.6219   0.00085
80.8684   0.00095
81.1149   0.00109
81.3614   0.00126
81.6079   0.00143
81.8545   0.00154
82.101   0.00152
82.3475   0.0014
82.594   0.00123
82.8405   0.00108
83.0871   0.00096
83.3336   0.0009
83.5801   0.00088
83.8266   0.00089
84.0731   0.00091
84.3196   0.00093
84.5662   0.00095
84.8127   0.00096
85.0592   0.00094
85.3057   0.00089
85.5522   0.00083
85.7987   0.00077
86.0453   0.00072
86.2918   0.00068
86.5383   0.00066
86.7848   0.00066
87.0313   0.00069
87.2779   0.00074
87.5244   0.00079
87.7709   0.00085
88.0174   0.00089
88.2639   0.00087
88.5105   0.0008
88.757   0.00072
89.0035   0.00063
89.25   0.00057
