0.75   0.00016
0.99652   0.00015
1.24304   0.00015
1.48955   0.00015
1.73607   0.00015
1.98259   0.00016
2.22911   0.00016
2.47563   0.00016
2.72214   0.00016
2.96866   0.00016
3.21518   0.00016
3.4617   0.00017
3.70822   0.00017
3.95474   0.00017
4.20125   0.00017
4.44777   0.00018
4.69429   0.00018
4.94081   0.00018
5.18733   0.00018
5.43384   0.00019
5.68036   0.00019
5.92688   0.00019
6.1734   0.0002
6.41992   0.0002
6.66643   0.0002
6.91295   0.00021
7.15947   0.00021
7.40599   0.00021
7.65251   0.00022
7.89903   0.00022
8.14554   0.00023
8.39206   0.00023
8.63858   0.00023
8.8851   0.00024
9.13162   0.00024
9.37813   0.00025
9.62465   0.00025
9.87117   0.00026
10.1177   0.00026
10.3642   0.00027
10.6107   0.00027
10.8572   0.00028
11.1038   0.00029
11.3503   0.00029
11.5968   0.0003
11.8433   0.0003
12.0898   0.00031
12.3363   0.00032
12.5829   0.00033
12.8294   0.00033
13.0759   0.00034
13.3224   0.00035
13.5689   0.00036
13.8155   0.00037
14.062   0.00037
14.3085   0.00038
14.555   0.00039
14.8015   0.0004
15.048   0.00041
15.2946   0.00043
15.5411   0.00044
15.7876   0.00045
16.0341   0.00046
16.2806   0.00047
16.5272   0.00049
16.7737   0.0005
17.0202   0.00052
17.2667   0.00053
17.5132   0.00055
17.7598   0.00057
18.0063   0.00058
18.2528   0.0006
18.4993   0.00062
18.7458   0.00064
18.9923   0.00067
19.2389   0.00069
19.4854   0.00071
19.7319   0.00074
19.9784   0.00077
20.2249   0.0008
20.4715   0.00083
20.718   0.00086
20.9645   0.00089
21.211   0.00093
21.4575   0.00097
21.704   0.00101
21.9506   0.00106
22.1971   0.00111
22.4436   0.00116
22.6901   0.00121
22.9366   0.00128
23.1832   0.00134
23.4297   0.00141
23.6762   0.00149
23.9227   0.00157
24.1692   0.00166
24.4157   0.00176
24.6623   0.00187
24.9088   0.00199
25.1553   0.00213
25.4018   0.00228
25.6483   0.00244
25.8949   0.00263
26.1414   0.00284
26.3879   0.00308
26.6344   0.00335
26.8809   0.00365
27.1274   0.00401
27.374   0.00442
27.6205   0.0049
27.867   0.00547
28.1135   0.00615
28.36   0.00697
28.6065   0.00797
28.8531   0.0092
29.0996   0.01075
29.3461   0.01271
29.5926   0.01523
29.8391   0.01854
30.0857   0.02292
30.3322   0.02875
30.5787   0.03643
30.8252   0.04607
31.0717   0.05684
31.3182   0.06601
31.5648   0.06945
31.8113   0.06523
32.0578   0.0559
32.3043   0.04553
32.5508   0.03655
32.7974   0.02958
33.0439   0.02444
33.2904   0.02073
33.5369   0.01811
33.7834   0.01632
34.0299   0.01517
34.2765   0.01456
34.523   0.01443
34.7695   0.01477
35.016   0.01559
35.2625   0.01699
35.5091   0.01907
35.7556   0.02206
36.0021   0.02623
36.2486   0.03198
36.4951   0.03972
36.7416   0.04963
36.9882   0.06092
37.2347   0.07082
37.4812   0.07488
37.7277   0.07063
37.9742   0.06047
38.2208   0.04886
38.4673   0.03859
38.7138   0.03046
38.9603   0.0243
39.2068   0.01967
39.4533   0.01619
39.6999   0.01352
39.9464   0.01145
40.1929   0.00982
40.4394   0.00852
40.6859   0.00747
40.9325   0.00661
41.179   0.00589
41.4255   0.0053
41.672   0.0048
41.9185   0.00437
42.165   0.00401
42.4116   0.00369
42.6581   0.00343
42.9046   0.00319
43.1511   0.003
43.3976   0.00283
43.6442   0.00268
43.8907   0.00256
44.1372   0.00247
44.3837   0.00239
44.6302   0.00235
44.8767   0.00234
45.1233   0.00235
45.3698   0.0024
45.6163   0.00248
45.8628   0.00256
46.1093   0.0026
46.3558   0.00256
46.6024   0.00247
46.8489   0.00237
47.0954   0.00232
47.3419   0.00232
47.5884   0.00239
47.835   0.00252
48.0815   0.00268
48.328   0.00281
48.5745   0.00284
48.821   0.00279
49.0675   0.00269
49.3141   0.00259
49.5606   0.00254
49.8071   0.00254
50.0536   0.00262
50.3001   0.00276
50.5467   0.00296
50.7932   0.00318
51.0397   0.00338
51.2862   0.00362
51.5327   0.00395
51.7792   0.00441
52.0258   0.00495
52.2723   0.00541
52.5188   0.00559
52.7653   0.00543
53.0118   0.00512
53.2584   0.00488
53.5049   0.00485
53.7514   0.00507
53.9979   0.00554
54.2444   0.00617
54.4909   0.00674
54.7375   0.00695
54.984   0.00665
55.2305   0.006
55.477   0.00534
55.7235   0.00484
55.9701   0.00458
56.2166   0.00458
56.4631   0.00479
56.7096   0.00512
56.9561   0.0054
57.2026   0.00539
57.4492   0.00502
57.6957   0.00446
57.9422   0.0039
58.1887   0.00344
58.4352   0.00309
58.6818   0.00286
58.9283   0.00273
59.1748   0.00271
59.4213   0.00279
59.6678   0.00298
59.9143   0.00329
60.1609   0.00371
60.4074   0.00423
60.6539   0.00478
60.9004   0.00524
61.1469   0.00549
61.3935   0.00544
61.64   0.0052
61.8865   0.00491
62.133   0.0047
62.3795   0.00461
62.626   0.00467
62.8726   0.00482
63.1191   0.00499
63.3656   0.00504
63.6121   0.00487
63.8586   0.00449
64.1051   0.00404
64.3517   0.00365
64.5982   0.00338
64.8447   0.00326
65.0912   0.00327
65.3377   0.00338
65.5843   0.00354
65.8308   0.00372
66.0773   0.00395
66.3238   0.00427
66.5703   0.00466
66.8169   0.00503
67.0634   0.00526
67.3099   0.00539
67.5564   0.00556
67.8029   0.00581
68.0494   0.006
68.296   0.0059
68.5425   0.00547
68.789   0.00487
69.0355   0.00429
69.282   0.0038
69.5285   0.00338
69.7751   0.00305
70.0216   0.00281
70.2681   0.00268
70.5146   0.00266
70.7611   0.00276
71.0077   0.00299
71.2542   0.00335
71.5007   0.00377
71.7472   0.0041
71.9937   0.00414
72.2403   0.00384
72.4868   0.00335
72.7333   0.00284
72.9798   0.0024
73.2263   0.00206
73.4728   0.00181
73.7194   0.00164
73.9659   0.00153
74.2124   0.00148
74.4589   0.00148
74.7054   0.00154
74.9519   0.00164
75.1985   0.00177
75.445   0.00189
75.6915   0.00197
75.938   0.00199
76.1845   0.00196
76.4311   0.00188
76.6776   0.00175
76.9241   0.00158
77.1706   0.0014
77.4171   0.00125
77.6637   0.00115
77.9102   0.00108
78.1567   0.00105
78.4032   0.00105
78.6497   0.00106
78.8962   0.00109
79.1428   0.00111
79.3893   0.00113
79.6358   0.00116
79.8823   0.00122
80.1288   0.00133
80.3753   0.0015
80.6219   0.00174
80.8684   0.00206
81.1149   0.00248
81.3614   0.00298
81.6079   0.00346
81.8545   0.00374
82.101   0.00367
82.3475   0.0033
82.594   0.00281
82.8405   0.00235
83.0871   0.00201
83.3336   0.00176
83.5801   0.00161
83.8266   0.00152
84.0731   0.00149
84.3196   0.0015
84.5662   0.00153
84.8127   0.00156
85.0592   0.00154
85.3057   0.00145
85.5522   0.00131
85.7987   0.00117
86.0453   0.00104
86.2918   0.00094
86.5383   0.00087
86.7848   0.00082
87.0313   0.0008
87.2779   0.00078
87.5244   0.00077
87.7709   0.00076
88.0174   0.00074
88.2639   0.00071
88.5105   0.00066
88.757   0.00062
89.0035   0.00058
89.25   0.00055
