0.75   0.00015
0.99652   0.00015
1.24304   0.00013
1.48955   0.0001
1.73607   9e-05
1.98259   8e-05
2.22911   7e-05
2.47563   7e-05
2.72214   6e-05
2.96866   6e-05
3.21518   6e-05
3.4617   6e-05
3.70822   6e-05
3.95474   6e-05
4.20125   6e-05
4.44777   6e-05
4.69429   6e-05
4.94081   6e-05
5.18733   6e-05
5.43384   7e-05
5.68036   7e-05
5.92688   7e-05
6.1734   7e-05
6.41992   7e-05
6.66643   7e-05
6.91295   7e-05
7.15947   7e-05
7.40599   7e-05
7.65251   7e-05
7.89903   8e-05
8.14554   8e-05
8.39206   8e-05
8.63858   8e-05
8.8851   8e-05
9.13162   8e-05
9.37813   8e-05
9.62465   9e-05
9.87117   9e-05
10.1177   9e-05
10.3642   9e-05
10.6107   9e-05
10.8572   9e-05
11.1038   0.0001
11.3503   0.0001
11.5968   0.0001
11.8433   0.0001
12.0898   0.0001
12.3363   0.00011
12.5829   0.00011
12.8294   0.00011
13.0759   0.00011
13.3224   0.00012
13.5689   0.00012
13.8155   0.00012
14.062   0.00013
14.3085   0.00013
14.555   0.00013
14.8015   0.00014
15.048   0.00014
15.2946   0.00014
15.5411   0.00015
15.7876   0.00015
16.0341   0.00015
16.2806   0.00016
16.5272   0.00016
16.7737   0.00017
17.0202   0.00017
17.2667   0.00018
17.5132   0.00018
17.7598   0.00019
18.0063   0.0002
18.2528   0.0002
18.4993   0.00021
18.7458   0.00022
18.9923   0.00022
19.2389   0.00023
19.4854   0.00024
19.7319   0.00025
19.9784   0.00026
20.2249   0.00027
20.4715   0.00028
20.718   0.00029
20.9645   0.0003
21.211   0.00031
21.4575   0.00033
21.704   0.00034
21.9506   0.00036
22.1971   0.00037
22.4436   0.00039
22.6901   0.00041
22.9366   0.00043
23.1832   0.00045
23.4297   0.00048
23.6762   0.0005
23.9227   0.00053
24.1692   0.00057
24.4157   0.0006
24.6623   0.00064
24.9088   0.00068
25.1553   0.00073
25.4018   0.00078
25.6483   0.00084
25.8949   0.00091
26.1414   0.00098
26.3879   0.00107
26.6344   0.00116
26.8809   0.00128
27.1274   0.00141
27.374   0.00156
27.6205   0.00174
27.867   0.00196
28.1135   0.00222
28.36   0.00254
28.6065   0.00294
28.8531   0.00345
29.0996   0.0041
29.3461   0.00497
29.5926   0.00616
29.8391   0.00783
30.0857   0.0103
30.3322   0.01411
30.5787   0.02034
30.8252   0.0311
31.0717   0.05009
31.3182   0.07843
31.5648   0.09439
31.8113   0.07396
32.0578   0.04664
32.3043   0.0293
32.5508   0.01955
32.7974   0.01393
33.0439   0.01052
33.2904   0.00835
33.5369   0.00694
33.7834   0.00601
34.0299   0.00542
34.2765   0.00508
34.523   0.00495
34.7695   0.005
35.016   0.00526
35.2625   0.00576
35.5091   0.00658
35.7556   0.00784
36.0021   0.00981
36.2486   0.01293
36.4951   0.01812
36.7416   0.02716
36.9882   0.04323
37.2347   0.06802
37.4812   0.0845
37.7277   0.06831
37.9742   0.04334
38.2208   0.02703
38.4673   0.01781
38.7138   0.01246
38.9603   0.00918
39.2068   0.00708
39.4533   0.00568
39.6999   0.00472
39.9464   0.00397
40.1929   0.00332
40.4394   0.00282
40.6859   0.00243
40.9325   0.00213
41.179   0.00189
41.4255   0.0017
41.672   0.00154
41.9185   0.00141
42.165   0.0013
42.4116   0.0012
42.6581   0.00113
42.9046   0.00107
43.1511   0.00102
43.3976   0.00098
43.6442   0.00095
43.8907   0.00094
44.1372   0.00095
44.3837   0.00098
44.6302   0.00104
44.8767   0.00116
45.1233   0.00136
45.3698   0.00167
45.6163   0.00219
45.8628   0.00301
46.1093   0.00373
46.3558   0.00342
46.6024   0.00258
46.8489   0.00198
47.0954   0.0017
47.3419   0.00166
47.5884   0.00185
47.835   0.00235
48.0815   0.00328
48.328   0.0044
48.5745   0.00452
48.821   0.00373
49.0675   0.00308
49.3141   0.00252
49.5606   0.00207
49.8071   0.0019
50.0536   0.00195
50.3001   0.0022
50.5467   0.00274
50.7932   0.00326
51.0397   0.00303
51.2862   0.00252
51.5327   0.00235
51.7792   0.00256
52.0258   0.00323
52.2723   0.00427
52.5188   0.00465
52.7653   0.0037
53.0118   0.00271
53.2584   0.0022
53.5049   0.00209
53.7514   0.0023
53.9979   0.00282
54.2444   0.00368
54.4909   0.00504
54.7375   0.00629
54.984   0.0058
55.2305   0.00421
55.477   0.00304
55.7235   0.00241
55.9701   0.00213
56.2166   0.00211
56.4631   0.00242
56.7096   0.00318
56.9561   0.00441
57.2026   0.00515
57.4492   0.00437
57.6957   0.00339
57.9422   0.00284
58.1887   0.00247
58.4352   0.00206
58.6818   0.00167
58.9283   0.00143
59.1748   0.00136
59.4213   0.00143
59.6678   0.0016
59.9143   0.00192
60.1609   0.00248
60.4074   0.00328
60.6539   0.00392
60.9004   0.00421
61.1469   0.00444
61.3935   0.00426
61.64   0.00424
61.8865   0.00437
62.133   0.00392
62.3795   0.00355
62.626   0.00375
62.8726   0.00404
63.1191   0.00396
63.3656   0.00396
63.6121   0.00365
63.8586   0.00298
64.1051   0.00255
64.3517   0.00221
64.5982   0.00193
64.8447   0.0019
65.0912   0.00219
65.3377   0.00283
65.5843   0.00347
65.8308   0.00326
66.0773   0.00272
66.3238   0.00253
66.5703   0.00277
66.8169   0.00319
67.0634   0.00315
67.3099   0.00284
67.5564   0.00293
67.8029   0.00367
68.0494   0.00506
68.296   0.00609
68.5425   0.00538
68.789   0.00423
69.0355   0.00383
69.282   0.00376
69.5285   0.00307
69.7751   0.0022
70.0216   0.00164
70.2681   0.00135
70.5146   0.00118
70.7611   0.00112
71.0077   0.00119
71.2542   0.00144
71.5007   0.00195
71.7472   0.00269
71.9937   0.00294
72.2403   0.00232
72.4868   0.00169
72.7333   0.00132
72.9798   0.00116
73.2263   0.00105
73.4728   0.00091
73.7194   0.0008
73.9659   0.00077
74.2124   0.0008
74.4589   0.00093
74.7054   0.00116
74.9519   0.00158
75.1985   0.00224
75.445   0.00308
75.6915   0.00347
75.938   0.00319
76.1845   0.00315
76.4311   0.00335
76.6776   0.0029
76.9241   0.00206
77.1706   0.00144
77.4171   0.00108
77.6637   0.00088
77.9102   0.00079
78.1567   0.00078
78.4032   0.00085
78.6497   0.00098
78.8962   0.00117
79.1428   0.00126
79.3893   0.00105
79.6358   0.00081
79.8823   0.00068
80.1288   0.00065
80.3753   0.0007
80.6219   0.0008
80.8684   0.00091
81.1149   0.0011
81.3614   0.00147
81.6079   0.00209
81.8545   0.00275
82.101   0.00261
82.3475   0.00189
82.594   0.00133
82.8405   0.00101
83.0871   0.00085
83.3336   0.00081
83.5801   0.00086
83.8266   0.00097
84.0731   0.00115
84.3196   0.00139
84.5662   0.00182
84.8127   0.0025
85.0592   0.00285
85.3057   0.0023
85.5522   0.00162
85.7987   0.00118
86.0453   0.00093
86.2918   0.00076
86.5383   0.00065
86.7848   0.00063
87.0313   0.00066
87.2779   0.00068
87.5244   0.00069
87.7709   0.00076
88.0174   0.00086
88.2639   0.00083
88.5105   0.00068
88.757   0.00054
89.0035   0.00045
89.25   0.00042
