0.75   0.00039
0.99652   0.0006
1.24304   0.00075
1.48955   0.00063
1.73607   0.00043
1.98259   0.0003
2.22911   0.00022
2.47563   0.00017
2.72214   0.00015
2.96866   0.00013
3.21518   0.00012
3.4617   0.00011
3.70822   0.0001
3.95474   0.0001
4.20125   9e-05
4.44777   9e-05
4.69429   9e-05
4.94081   9e-05
5.18733   9e-05
5.43384   9e-05
5.68036   9e-05
5.92688   9e-05
6.1734   9e-05
6.41992   9e-05
6.66643   9e-05
6.91295   9e-05
7.15947   9e-05
7.40599   9e-05
7.65251   9e-05
7.89903   9e-05
8.14554   0.0001
8.39206   0.0001
8.63858   0.0001
8.8851   0.0001
9.13162   0.0001
9.37813   0.0001
9.62465   0.00011
9.87117   0.00011
10.1177   0.00011
10.3642   0.00011
10.6107   0.00012
10.8572   0.00012
11.1038   0.00012
11.3503   0.00013
11.5968   0.00013
11.8433   0.00013
12.0898   0.00014
12.3363   0.00014
12.5829   0.00015
12.8294   0.00015
13.0759   0.00015
13.3224   0.00016
13.5689   0.00017
13.8155   0.00017
14.062   0.00018
14.3085   0.00018
14.555   0.00019
14.8015   0.0002
15.048   0.00021
15.2946   0.00022
15.5411   0.00023
15.7876   0.00024
16.0341   0.00025
16.2806   0.00026
16.5272   0.00027
16.7737   0.00029
17.0202   0.00031
17.2667   0.00032
17.5132   0.00034
17.7598   0.00037
18.0063   0.00039
18.2528   0.00042
18.4993   0.00045
18.7458   0.00049
18.9923   0.00053
19.2389   0.00058
19.4854   0.00064
19.7319   0.00071
19.9784   0.00079
20.2249   0.00088
20.4715   0.001
20.718   0.00114
20.9645   0.00133
21.211   0.00156
21.4575   0.00186
21.704   0.00227
21.9506   0.00284
22.1971   0.00366
22.4436   0.00489
22.6901   0.00684
22.9366   0.0101
23.1832   0.01582
23.4297   0.02551
23.6762   0.03672
23.9227   0.03637
24.1692   0.025
24.4157   0.01548
24.6623   0.00991
24.9088   0.00674
25.1553   0.00485
25.4018   0.00366
25.6483   0.00287
25.8949   0.00233
26.1414   0.00194
26.3879   0.00165
26.6344   0.00144
26.8809   0.00127
27.1274   0.00115
27.374   0.00105
27.6205   0.00097
27.867   0.00091
28.1135   0.00086
28.36   0.00082
28.6065   0.0008
28.8531   0.00078
29.0996   0.00076
29.3461   0.00076
29.5926   0.00075
29.8391   0.00076
30.0857   0.00077
30.3322   0.00078
30.5787   0.0008
30.8252   0.00082
31.0717   0.00085
31.3182   0.00089
31.5648   0.00093
31.8113   0.00098
32.0578   0.00104
32.3043   0.0011
32.5508   0.00118
32.7974   0.00126
33.0439   0.00136
33.2904   0.00148
33.5369   0.00162
33.7834   0.00178
34.0299   0.00197
34.2765   0.00219
34.523   0.00246
34.7695   0.00279
35.016   0.0032
35.2625   0.00371
35.5091   0.00435
35.7556   0.00518
36.0021   0.00628
36.2486   0.00777
36.4951   0.00986
36.7416   0.0129
36.9882   0.01755
37.2347   0.02504
37.4812   0.03772
37.7277   0.05932
37.9742   0.09194
38.2208   0.12546
38.4673   0.12193
38.7138   0.08351
38.9603   0.05162
39.2068   0.03294
39.4533   0.02229
39.6999   0.01593
39.9464   0.01191
40.1929   0.00925
40.4394   0.00743
40.6859   0.00614
40.9325   0.00514
41.179   0.00435
41.4255   0.00376
41.672   0.00334
41.9185   0.00306
42.165   0.00295
42.4116   0.00305
42.6581   0.00332
42.9046   0.00326
43.1511   0.00267
43.3976   0.00211
43.6442   0.00174
43.8907   0.00151
44.1372   0.00135
44.3837   0.00125
44.6302   0.00116
44.8767   0.00106
45.1233   0.00097
45.3698   0.0009
45.6163   0.00085
45.8628   0.00081
46.1093   0.00078
46.3558   0.00078
46.6024   0.00079
46.8489   0.0008
47.0954   0.00081
47.3419   0.00081
47.5884   0.00077
47.835   0.00072
48.0815   0.00069
48.328   0.00068
48.5745   0.00069
48.821   0.00072
49.0675   0.0008
49.3141   0.00092
49.5606   0.001
49.8071   0.00101
50.0536   0.00103
50.3001   0.00105
50.5467   0.00108
50.7932   0.00117
51.0397   0.00129
51.2862   0.00147
51.5327   0.0018
51.7792   0.00243
52.0258   0.00355
52.2723   0.00518
52.5188   0.00602
52.7653   0.00496
53.0118   0.00379
53.2584   0.00327
53.5049   0.00301
53.7514   0.00289
53.9979   0.0032
54.2444   0.00418
54.4909   0.00593
54.7375   0.00728
54.984   0.0063
55.2305   0.0045
55.477   0.00337
55.7235   0.00292
55.9701   0.00301
56.2166   0.00361
56.4631   0.00453
56.7096   0.00528
56.9561   0.0061
57.2026   0.00631
57.4492   0.00504
57.6957   0.00354
57.9422   0.00252
58.1887   0.00196
58.4352   0.00171
58.6818   0.00165
58.9283   0.00165
59.1748   0.00155
59.4213   0.00146
59.6678   0.00147
59.9143   0.00158
60.1609   0.00186
60.4074   0.00231
60.6539   0.00303
60.9004   0.00419
61.1469   0.00528
61.3935   0.00538
61.64   0.00527
61.8865   0.00574
62.133   0.00576
62.3795   0.00521
62.626   0.00532
62.8726   0.00603
63.1191   0.00651
63.3656   0.00684
63.6121   0.00645
63.8586   0.00539
64.1051   0.00416
64.3517   0.00307
64.5982   0.00234
64.8447   0.00191
65.0912   0.00171
65.3377   0.00161
65.5843   0.00158
65.8308   0.00163
66.0773   0.00187
66.3238   0.00239
66.5703   0.00335
66.8169   0.00457
67.0634   0.00486
67.3099   0.00415
67.5564   0.00383
67.8029   0.00436
68.0494   0.00562
68.296   0.00617
68.5425   0.0049
68.789   0.00348
69.0355   0.00266
69.282   0.00231
69.5285   0.00235
69.7751   0.0028
70.0216   0.00351
70.2681   0.00364
70.5146   0.00301
70.7611   0.00253
71.0077   0.00243
71.2542   0.00277
71.5007   0.00373
71.7472   0.00539
71.9937   0.00655
72.2403   0.00544
72.4868   0.00372
72.7333   0.00256
72.9798   0.00182
73.2263   0.00134
73.4728   0.00105
73.7194   0.00088
73.9659   0.00079
74.2124   0.00072
74.4589   0.00065
74.7054   0.00062
74.9519   0.0006
75.1985   0.00054
75.445   0.00047
75.6915   0.00044
75.938   0.00043
76.1845   0.00044
76.4311   0.00048
76.6776   0.00052
76.9241   0.00055
77.1706   0.0006
77.4171   0.0007
77.6637   0.00083
77.9102   0.00104
78.1567   0.00145
78.4032   0.00215
78.6497   0.00286
78.8962   0.00271
79.1428   0.00199
79.3893   0.0014
79.6358   0.00106
79.8823   0.0009
80.1288   0.00086
80.3753   0.0009
80.6219   0.00102
80.8684   0.00126
81.1149   0.00171
81.3614   0.00248
81.6079   0.00375
81.8545   0.00526
82.101   0.00528
82.3475   0.00377
82.594   0.00249
82.8405   0.00173
83.0871   0.00134
83.3336   0.00121
83.5801   0.0012
83.8266   0.00117
84.0731   0.00104
84.3196   0.00085
84.5662   0.00071
84.8127   0.00061
85.0592   0.00053
85.3057   0.00048
85.5522   0.00046
85.7987   0.00045
86.0453   0.00044
86.2918   0.0004
86.5383   0.00039
86.7848   0.00042
87.0313   0.00047
87.2779   0.00051
87.5244   0.00051
87.7709   0.00047
88.0174   0.00041
88.2639   0.0004
88.5105   0.0004
88.757   0.00037
89.0035   0.00035
89.25   0.00035
