0.75   0.00018
0.99652   0.00018
1.24304   0.00018
1.48955   0.00018
1.73607   0.00018
1.98259   0.00018
2.22911   0.00019
2.47563   0.00019
2.72214   0.00019
2.96866   0.00019
3.21518   0.00019
3.4617   0.0002
3.70822   0.0002
3.95474   0.0002
4.20125   0.0002
4.44777   0.0002
4.69429   0.00021
4.94081   0.00021
5.18733   0.00021
5.43384   0.00021
5.68036   0.00021
5.92688   0.00022
6.1734   0.00022
6.41992   0.00022
6.66643   0.00022
6.91295   0.00023
7.15947   0.00023
7.40599   0.00023
7.65251   0.00024
7.89903   0.00024
8.14554   0.00024
8.39206   0.00024
8.63858   0.00025
8.8851   0.00025
9.13162   0.00025
9.37813   0.00026
9.62465   0.00026
9.87117   0.00026
10.1177   0.00027
10.3642   0.00027
10.6107   0.00027
10.8572   0.00028
11.1038   0.00028
11.3503   0.00028
11.5968   0.00029
11.8433   0.00029
12.0898   0.0003
12.3363   0.0003
12.5829   0.0003
12.8294   0.00031
13.0759   0.00031
13.3224   0.00032
13.5689   0.00032
13.8155   0.00033
14.062   0.00033
14.3085   0.00034
14.555   0.00034
14.8015   0.00035
15.048   0.00035
15.2946   0.00036
15.5411   0.00036
15.7876   0.00037
16.0341   0.00037
16.2806   0.00038
16.5272   0.00039
16.7737   0.00039
17.0202   0.0004
17.2667   0.00041
17.5132   0.00041
17.7598   0.00042
18.0063   0.00043
18.2528   0.00043
18.4993   0.00044
18.7458   0.00045
18.9923   0.00046
19.2389   0.00047
19.4854   0.00048
19.7319   0.00049
19.9784   0.00049
20.2249   0.0005
20.4715   0.00051
20.718   0.00053
20.9645   0.00054
21.211   0.00055
21.4575   0.00056
21.704   0.00057
21.9506   0.00059
22.1971   0.0006
22.4436   0.00061
22.6901   0.00063
22.9366   0.00064
23.1832   0.00066
23.4297   0.00068
23.6762   0.00069
23.9227   0.00071
24.1692   0.00073
24.4157   0.00075
24.6623   0.00078
24.9088   0.0008
25.1553   0.00082
25.4018   0.00085
25.6483   0.00088
25.8949   0.00091
26.1414   0.00094
26.3879   0.00098
26.6344   0.00102
26.8809   0.00106
27.1274   0.00111
27.374   0.00116
27.6205   0.00122
27.867   0.00128
28.1135   0.00135
28.36   0.00143
28.6065   0.00152
28.8531   0.00161
29.0996   0.00172
29.3461   0.00185
29.5926   0.00198
29.8391   0.00212
30.0857   0.00227
30.3322   0.00242
30.5787   0.00255
30.8252   0.00266
31.0717   0.00274
31.3182   0.00278
31.5648   0.00278
31.8113   0.00276
32.0578   0.00273
32.3043   0.00269
32.5508   0.00267
32.7974   0.00265
33.0439   0.00266
33.2904   0.00268
33.5369   0.00272
33.7834   0.00279
34.0299   0.00288
34.2765   0.00299
34.523   0.00312
34.7695   0.00329
35.016   0.00348
35.2625   0.00371
35.5091   0.00397
35.7556   0.00427
36.0021   0.0046
36.2486   0.00498
36.4951   0.0054
36.7416   0.00584
36.9882   0.00629
37.2347   0.00672
37.4812   0.00713
37.7277   0.00748
37.9742   0.00777
38.2208   0.00801
38.4673   0.00821
38.7138   0.00841
38.9603   0.0086
39.2068   0.00879
39.4533   0.00897
39.6999   0.00913
39.9464   0.00925
40.1929   0.00934
40.4394   0.0094
40.6859   0.00944
40.9325   0.0095
41.179   0.00958
41.4255   0.00969
41.672   0.00985
41.9185   0.01008
42.165   0.01037
42.4116   0.01074
42.6581   0.0112
42.9046   0.01174
43.1511   0.01233
43.3976   0.01296
43.6442   0.0136
43.8907   0.01422
44.1372   0.0148
44.3837   0.01532
44.6302   0.01582
44.8767   0.01631
45.1233   0.01684
45.3698   0.01743
45.6163   0.0181
45.8628   0.01883
46.1093   0.01958
46.3558   0.0203
46.6024   0.02096
46.8489   0.02153
47.0954   0.02203
47.3419   0.02246
47.5884   0.02286
47.835   0.02325
48.0815   0.02368
48.328   0.02419
48.5745   0.02486
48.821   0.02574
49.0675   0.02689
49.3141   0.02836
49.5606   0.03015
49.8071   0.03223
50.0536   0.03452
50.3001   0.03689
50.5467   0.0392
50.7932   0.04128
51.0397   0.043
51.2862   0.04428
51.5327   0.04505
51.7792   0.04523
52.0258   0.04473
52.2723   0.04349
52.5188   0.04155
52.7653   0.03903
53.0118   0.03613
53.2584   0.03309
53.5049   0.0301
53.7514   0.0273
53.9979   0.02479
54.2444   0.02258
54.4909   0.02069
54.7375   0.0191
54.984   0.01778
55.2305   0.0167
55.477   0.01582
55.7235   0.01511
55.9701   0.01454
56.2166   0.01408
56.4631   0.01371
56.7096   0.0134
56.9561   0.01316
57.2026   0.01296
57.4492   0.01279
57.6957   0.01259
57.9422   0.01233
58.1887   0.01198
58.4352   0.01153
58.6818   0.01099
58.9283   0.0104
59.1748   0.00979
59.4213   0.0092
59.6678   0.00865
59.9143   0.00816
60.1609   0.00773
60.4074   0.00737
60.6539   0.00708
60.9004   0.00685
61.1469   0.00667
61.3935   0.00654
61.64   0.00645
61.8865   0.0064
62.133   0.00639
62.3795   0.00641
62.626   0.00646
62.8726   0.00656
63.1191   0.00669
63.3656   0.00685
63.6121   0.00704
63.8586   0.00723
64.1051   0.0074
64.3517   0.00753
64.5982   0.00761
64.8447   0.00763
65.0912   0.0076
65.3377   0.00753
65.5843   0.00745
65.8308   0.00737
66.0773   0.0073
66.3238   0.00727
66.5703   0.00727
66.8169   0.00732
67.0634   0.00741
67.3099   0.00753
67.5564   0.00767
67.8029   0.00782
68.0494   0.00797
68.296   0.00811
68.5425   0.00825
68.789   0.00841
69.0355   0.0086
69.282   0.00884
69.5285   0.00911
69.7751   0.00943
70.0216   0.00977
70.2681   0.01009
70.5146   0.01036
70.7611   0.01055
71.0077   0.01061
71.2542   0.01056
71.5007   0.01041
71.7472   0.01019
71.9937   0.00996
72.2403   0.00975
72.4868   0.00957
72.7333   0.00946
72.9798   0.0094
73.2263   0.00939
73.4728   0.00942
73.7194   0.00948
73.9659   0.00954
74.2124   0.00956
74.4589   0.00954
74.7054   0.00946
74.9519   0.00932
75.1985   0.00914
75.445   0.00894
75.6915   0.00872
75.938   0.00848
76.1845   0.00824
76.4311   0.00799
76.6776   0.00774
76.9241   0.0075
77.1706   0.00728
77.4171   0.00709
77.6637   0.00694
77.9102   0.00683
78.1567   0.00675
78.4032   0.0067
78.6497   0.00668
78.8962   0.00667
79.1428   0.00666
79.3893   0.00663
79.6358   0.00659
79.8823   0.00653
80.1288   0.00646
80.3753   0.00636
80.6219   0.00626
80.8684   0.00614
81.1149   0.00603
81.3614   0.00591
81.6079   0.00579
81.8545   0.00566
82.101   0.00554
82.3475   0.00542
82.594   0.00531
82.8405   0.0052
83.0871   0.00511
83.3336   0.00502
83.5801   0.00495
83.8266   0.00488
84.0731   0.00482
84.3196   0.00478
84.5662   0.00475
84.8127   0.00474
85.0592   0.00475
85.3057   0.00477
85.5522   0.0048
85.7987   0.00483
86.0453   0.00487
86.2918   0.0049
86.5383   0.00491
86.7848   0.00489
87.0313   0.00485
87.2779   0.00479
87.5244   0.00473
87.7709   0.00467
88.0174   0.00463
88.2639   0.00462
88.5105   0.00464
88.757   0.00468
89.0035   0.00475
89.25   0.00483
