 0.00000 -0.60925
 0.05000 -0.60550
 0.10000 -0.59459
 0.15000 -0.57692
 0.20000 -0.55288
 0.25000 -0.52285
 0.30000 -0.48735
 0.35000 -0.44702
 0.40000 -0.40274
 0.45000 -0.35560
 0.50000 -0.30688
 0.55000 -0.25794
 0.60000 -0.21018
 0.65000 -0.16487
 0.70000 -0.12306
 0.75000 -0.08555
 0.80000 -0.05280
 0.85000 -0.02498
 0.90000 -0.00200
 0.95000  0.01645
 1.00000  0.03077
 1.05000  0.04147
 1.10000  0.04907
 1.15000  0.05405
 1.20000  0.05690
 1.25000  0.05801
 1.30000  0.05774
 1.35000  0.05640
 1.40000  0.05424
 1.45000  0.05148
 1.50000  0.04828
 1.55000  0.04479
 1.60000  0.04113
 1.65000  0.03739
 1.70000  0.03365
 1.75000  0.02996
 1.80000  0.02638
 1.85000  0.02294
 1.90000  0.01969
 1.95000  0.01664
 2.00000  0.01381
 2.05000  0.01123
 2.10000  0.00889
 2.15000  0.00682
 2.20000  0.00501
 2.25000  0.00348
 2.30000  0.00223
 2.35000  0.00125
 2.40000  0.00055
 2.45000  0.00014
 2.50000  0.00000
 2.55000  0.00000
 2.60000  0.00000
 2.65000  0.00000
 2.70000  0.00000
 2.75000  0.00000
 2.80000  0.00000
 2.85000  0.00000
 2.90000  0.00000
 2.95000  0.00000
 3.00000  0.00000
 3.05000  0.00000
 3.10000  0.00000
 3.15000  0.00000
 3.20000  0.00000
 3.25000  0.00000
 3.30000  0.00000
 3.35000  0.00000
 3.40000  0.00000
 3.45000  0.00000
 3.50000  0.00000
 3.55000  0.00000
 3.60000  0.00000
 3.65000  0.00000
 3.70000  0.00000
 3.75000  0.00000
 3.80000  0.00000
 3.85000  0.00000
 3.90000  0.00000
 3.95000  0.00000
 4.00000  0.00000
 4.05000  0.00000
 4.10000  0.00000
 4.15000  0.00000
 4.20000  0.00000
 4.25000  0.00000
 4.30000  0.00000
 4.35000  0.00000
 4.40000  0.00000
 4.45000  0.00000
 4.50000  0.00000
 4.55000  0.00000
 4.60000  0.00000
 4.65000  0.00000
 4.70000  0.00000
 4.75000  0.00000
