 0.00000  0.24913
 0.05000  0.24992
 0.10000  0.25198
 0.15000  0.25494
 0.20000  0.25834
 0.25000  0.26167
 0.30000  0.26439
 0.35000  0.26596
 0.40000  0.26589
 0.45000  0.26382
 0.50000  0.25949
 0.55000  0.25285
 0.60000  0.24397
 0.65000  0.23308
 0.70000  0.22058
 0.75000  0.20684
 0.80000  0.19232
 0.85000  0.17743
 0.90000  0.16256
 0.95000  0.14801
 1.00000  0.13400
 1.05000  0.12072
 1.10000  0.10825
 1.15000  0.09668
 1.20000  0.08602
 1.25000  0.07625
 1.30000  0.06736
 1.35000  0.05929
 1.40000  0.05201
 1.45000  0.04545
 1.50000  0.03956
 1.55000  0.03428
 1.60000  0.02956
 1.65000  0.02536
 1.70000  0.02162
 1.75000  0.01831
 1.80000  0.01538
 1.85000  0.01280
 1.90000  0.01054
 1.95000  0.00857
 2.00000  0.00685
 2.05000  0.00538
 2.10000  0.00412
 2.15000  0.00306
 2.20000  0.00218
 2.25000  0.00147
 2.30000  0.00092
 2.35000  0.00050
 2.40000  0.00022
 2.45000  0.00005
 2.50000 -0.00000
 2.55000  0.00000
 2.60000  0.00000
 2.65000  0.00000
 2.70000  0.00000
 2.75000  0.00000
 2.80000  0.00000
 2.85000  0.00000
 2.90000  0.00000
 2.95000  0.00000
 3.00000  0.00000
 3.05000  0.00000
 3.10000  0.00000
 3.15000  0.00000
 3.20000  0.00000
 3.25000  0.00000
 3.30000  0.00000
 3.35000  0.00000
 3.40000  0.00000
 3.45000  0.00000
 3.50000  0.00000
 3.55000  0.00000
 3.60000  0.00000
 3.65000  0.00000
 3.70000  0.00000
 3.75000  0.00000
 3.80000  0.00000
 3.85000  0.00000
 3.90000  0.00000
 3.95000  0.00000
 4.00000  0.00000
 4.05000  0.00000
 4.10000  0.00000
 4.15000  0.00000
 4.20000  0.00000
 4.25000  0.00000
 4.30000  0.00000
 4.35000  0.00000
 4.40000  0.00000
 4.45000  0.00000
 4.50000  0.00000
 4.55000  0.00000
 4.60000  0.00000
 4.65000  0.00000
 4.70000  0.00000
 4.75000  0.00000
