 0.00000  0.08147
 0.05000  0.08157
 0.10000  0.08175
 0.15000  0.08181
 0.20000  0.08149
 0.25000  0.08053
 0.30000  0.07870
 0.35000  0.07580
 0.40000  0.07174
 0.45000  0.06655
 0.50000  0.06036
 0.55000  0.05340
 0.60000  0.04598
 0.65000  0.03844
 0.70000  0.03111
 0.75000  0.02424
 0.80000  0.01805
 0.85000  0.01265
 0.90000  0.00809
 0.95000  0.00434
 1.00000  0.00135
 1.05000 -0.00096
 1.10000 -0.00270
 1.15000 -0.00394
 1.20000 -0.00479
 1.25000 -0.00532
 1.30000 -0.00560
 1.35000 -0.00568
 1.40000 -0.00562
 1.45000 -0.00544
 1.50000 -0.00519
 1.55000 -0.00487
 1.60000 -0.00452
 1.65000 -0.00414
 1.70000 -0.00375
 1.75000 -0.00336
 1.80000 -0.00298
 1.85000 -0.00260
 1.90000 -0.00224
 1.95000 -0.00190
 2.00000 -0.00159
 2.05000 -0.00129
 2.10000 -0.00103
 2.15000 -0.00079
 2.20000 -0.00059
 2.25000 -0.00041
 2.30000 -0.00026
 2.35000 -0.00015
 2.40000 -0.00007
 2.45000 -0.00002
 2.50000  0.00000
 2.55000  0.00000
 2.60000  0.00000
 2.65000  0.00000
 2.70000  0.00000
 2.75000  0.00000
 2.80000  0.00000
 2.85000  0.00000
 2.90000  0.00000
 2.95000  0.00000
 3.00000  0.00000
 3.05000  0.00000
 3.10000  0.00000
 3.15000  0.00000
 3.20000  0.00000
 3.25000  0.00000
 3.30000  0.00000
 3.35000  0.00000
 3.40000  0.00000
 3.45000  0.00000
 3.50000  0.00000
 3.55000  0.00000
 3.60000  0.00000
 3.65000  0.00000
 3.70000  0.00000
 3.75000  0.00000
 3.80000  0.00000
 3.85000  0.00000
 3.90000  0.00000
 3.95000  0.00000
 4.00000  0.00000
 4.05000  0.00000
 4.10000  0.00000
 4.15000  0.00000
 4.20000  0.00000
 4.25000  0.00000
 4.30000  0.00000
 4.35000  0.00000
 4.40000  0.00000
 4.45000  0.00000
 4.50000  0.00000
 4.55000  0.00000
 4.60000  0.00000
 4.65000  0.00000
 4.70000  0.00000
 4.75000  0.00000
