 0.00000  0.00000
 0.05000 -0.00384
 0.10000 -0.00664
 0.15000 -0.00803
 0.20000 -0.00832
 0.25000 -0.00773
 0.30000 -0.00645
 0.35000 -0.00462
 0.40000 -0.00238
 0.45000  0.00012
 0.50000  0.00273
 0.55000  0.00531
 0.60000  0.00771
 0.65000  0.00982
 0.70000  0.01156
 0.75000  0.01288
 0.80000  0.01378
 0.85000  0.01429
 0.90000  0.01443
 0.95000  0.01428
 1.00000  0.01390
 1.05000  0.01334
 1.10000  0.01266
 1.15000  0.01191
 1.20000  0.01113
 1.25000  0.01034
 1.30000  0.00956
 1.35000  0.00882
 1.40000  0.00812
 1.45000  0.00746
 1.50000  0.00684
 1.55000  0.00628
 1.60000  0.00577
 1.65000  0.00530
 1.70000  0.00487
 1.75000  0.00448
 1.80000  0.00413
 1.85000  0.00382
 1.90000  0.00353
 1.95000  0.00328
 2.00000  0.00305
 2.05000  0.00284
 2.10000  0.00266
 2.15000  0.00250
 2.20000  0.00235
 2.25000  0.00222
 2.30000  0.00211
 2.35000  0.00201
 2.40000  0.00193
 2.45000  0.00185
 2.50000  0.00179
 2.55000  0.00173
 2.60000  0.00168
 2.65000  0.00161
 2.70000  0.00155
 2.75000  0.00148
 2.80000  0.00141
 2.85000  0.00134
 2.90000  0.00127
 2.95000  0.00119
 3.00000  0.00112
 3.05000  0.00105
 3.10000  0.00098
 3.15000  0.00091
 3.20000  0.00084
 3.25000  0.00077
 3.30000  0.00071
 3.35000  0.00065
 3.40000  0.00058
 3.45000  0.00053
 3.50000  0.00047
 3.55000  0.00042
 3.60000  0.00037
 3.65000  0.00032
 3.70000  0.00028
 3.75000  0.00024
 3.80000  0.00020
 3.85000  0.00017
 3.90000  0.00014
 3.95000  0.00011
 4.00000  0.00009
 4.05000  0.00007
 4.10000  0.00005
 4.15000  0.00003
 4.20000  0.00002
 4.25000  0.00001
 4.30000  0.00001
 4.35000  0.00000
 4.40000  0.00000
 4.45000 -0.00000
 4.50000 -0.00000
 4.55000 -0.00000
 4.60000  0.00000
 4.65000  0.00000
 4.70000  0.00000
 4.75000  0.00000
