0.000000   -4.95942
0.020000   -4.95942
0.040000   -4.95942
0.060000   -4.95942
0.080000   -4.95942
0.100000   -4.95942
0.120000   -4.95942
0.140000   -4.50056
0.160000   -4.44851
0.180000   -4.13068
0.200000   -3.78784
0.220000   -3.62186
0.240000   -3.4012
0.260000   -3.13124
0.280000   -2.94277
0.300000   -2.75495
0.320000   -2.5323
0.340000   -2.3507
0.360000   -2.18537
0.380000   -2.00089
0.400000   -1.8371
0.420000   -1.69264
0.440000   -1.53832
0.460000   -1.39529
0.480000   -1.27042
0.500000   -1.14229
0.520000   -1.02057
0.540000   -0.914981
0.560000   -0.810698
0.580000   -0.710577
0.600000   -0.624256
0.620000   -0.54205
0.640000   -0.462784
0.660000   -0.394783
0.680000   -0.332183
0.700000   -0.271668
0.720000   -0.219837
0.740000   -0.173647
0.760000   -0.128933
0.780000   -0.0905597
0.800000   -0.0575438
0.820000   -0.0256223
0.840000   0.00188675
0.860000   0.0245623
0.880000   0.0463062
0.900000   0.0651467
0.920000   0.0797947
0.940000   0.0935727
0.960000   0.105586
0.980000   0.114169
1.000000   0.121879
1.020000   0.128714
1.040000   0.13281
1.060000   0.136064
1.080000   0.139061
1.100000   0.140013
1.120000   0.140133
1.140000   0.14041
1.160000   0.139252
1.180000   0.137285
1.200000   0.135705
1.220000   0.133231
1.240000   0.129983
1.260000   0.127208
1.280000   0.123992
1.300000   0.12005
1.320000   0.116581
1.340000   0.112997
1.360000   0.10876
1.380000   0.104978
1.400000   0.101235
1.420000   0.0969027
1.440000   0.0930091
1.460000   0.089459
1.480000   0.0852474
1.500000   0.0813051
1.520000   0.0777436
1.540000   0.0740896
1.560000   0.0701171
1.580000   0.0664859
1.600000   0.0630899
1.620000   0.0597816
1.640000   0.0564147
1.660000   0.0531168
1.680000   0.0496553
1.700000   0.0469729
1.720000   0.0438094
1.740000   0.0405388
1.760000   0.0379586
1.780000   0.0354155
1.800000   0.0324372
1.820000   0.0300779
1.840000   0.0280166
1.860000   0.0251139
1.880000   0.0225686
1.900000   0.0213947
1.920000   0.0196551
1.940000   0.0169211
1.960000   0.014966
1.980000   0.013794
2.000000   0.0120993
2.020000   0.0100805
2.040000   0.00906493
2.060000   0.00771036
2.080000   0.00582927
2.100000   0.00457996
2.120000   0.00367561
2.140000   0.00277523
2.160000   0.000936883
2.180000   7.66167e-05
2.200000   -0.000205642
2.220000   -0.00177267
2.240000   -0.0028375
2.260000   -0.00320557
2.280000   -0.00436168
2.300000   -0.0057301
2.320000   -0.00585848
2.340000   -0.00616792
2.360000   -0.00758284
2.380000   -0.00828995
2.400000   -0.00833055
2.420000   -0.00926675
2.440000   -0.0100374
2.460000   -0.00987292
2.480000   -0.0105467
2.500000   -0.0115748
2.520000   -0.0113382
2.540000   -0.0115472
2.560000   -0.012281
2.580000   -0.0125192
2.600000   -0.0123712
2.620000   -0.0130551
2.640000   -0.0135211
2.660000   -0.0130422
2.680000   -0.0131937
2.700000   -0.0138966
2.720000   -0.0137769
2.740000   -0.0136523
2.760000   -0.014172
2.780000   -0.0140929
2.800000   -0.0136889
2.820000   -0.0141139
2.840000   -0.0144463
2.860000   -0.0140196
2.880000   -0.0140227
2.900000   -0.0143685
2.920000   -0.0140884
2.940000   -0.0139718
2.960000   -0.0143392
2.980000   -0.0141848
3.000000   -0.0136785
3.020000   -0.0138738
3.040000   -0.0139905
3.060000   -0.0136253
3.080000   -0.0138121
3.100000   -0.0141341
3.120000   -0.0135464
3.140000   -0.013101
3.160000   -0.0133394
3.180000   -0.0132
3.200000   -0.012691
3.220000   -0.0128534
3.240000   -0.0129411
3.260000   -0.0127349
3.280000   -0.0128855
3.300000   -0.0125933
3.320000   -0.0117378
3.340000   -0.0117369
3.360000   -0.0117101
3.380000   -0.0111372
3.400000   -0.0109903
3.420000   -0.0119327
3.440000   -0.011801
3.460000   -0.0109338
3.480000   -0.0106638
3.500000   -0.0101976
3.520000   -0.0095591
3.540000   -0.00997292
3.560000   -0.0100394
3.580000   -0.00923169
3.600000   -0.00940705
3.620000   -0.0102548
3.640000   -0.00965303
3.660000   -0.0084723
3.680000   -0.00830335
3.700000   -0.00821724
3.720000   -0.00804338
3.740000   -0.0079878
3.760000   -0.00786954
3.780000   -0.00760711
3.800000   -0.00767341
3.820000   -0.00778387
3.840000   -0.00717037
3.860000   -0.00674123
3.880000   -0.00641918
3.900000   -0.00593624
3.920000   -0.0060481
3.940000   -0.00626431
3.960000   -0.00551962
3.980000   -0.00515932
4.000000   -0.00616836
4.020000   -0.00573685
4.040000   -0.00490856
4.060000   -0.00507672
4.080000   -0.00453997
4.100000   -0.0034857
4.120000   -0.00402789
4.140000   -0.00457797
4.160000   -0.00350797
4.180000   -0.00318368
4.200000   -0.00402304
4.220000   -0.00374664
4.240000   -0.00309087
4.260000   -0.00330418
4.280000   -0.00289345
4.300000   -0.00193987
4.320000   -0.00210661
4.340000   -0.0111115
4.360000   -0.00190227
4.380000   -0.00159713
4.400000   -0.00189795
4.420000   -0.00193209
4.440000   -0.00177805
4.460000   -0.00161718
4.480000   -0.00120047
4.500000   -0.000718811
4.520000   -0.000415991
4.540000   -0.000396322
4.560000   -0.000542195
4.580000   -0.000289622
4.600000   0.000102347
4.620000   -0.000222013
4.640000   -0.000452275
4.660000   7.57133e-05
4.680000   0.000166973
4.700000   0.000100507
4.720000   0.00104854
4.740000   0.00144157
4.760000   0.000599809
4.780000   0.000867633
4.800000   0.00185167
4.820000   0.00134266
4.840000   0.000814746
4.860000   0.00136218
4.880000   0.00115566
4.900000   0.00101723
4.920000   0.00226105
4.940000   0.00244895
4.960000   0.00156308
4.980000   0.00236095
5.000000   0.00301696
5.020000   0.0017556
5.040000   0.00185873
5.060000   0.00335654
5.080000   0.00257691
5.100000   0.00125152
5.120000   0.00217676
5.140000   0.00299931
5.160000   0.00292806
5.180000   0.00361156
5.200000   0.00344318
5.220000   0.00218387
5.240000   0.00292775
5.260000   0.00429928
5.280000   0.00316508
5.300000   0.00204735
5.320000   0.00302444
5.340000   0.00355132
5.360000   0.00311217
5.380000   0.00332828
5.400000   0.00355312
5.420000   0.00366584
5.440000   0.00432246
5.460000   0.00403453
5.480000   0.00282184
5.500000   0.00310088
5.520000   0.00405157
5.540000   0.00348978
5.560000   0.00294785
5.580000   0.00351679
5.600000   0.00362724
5.620000   0.00374862
5.640000   0.0048618
5.660000   0.00480693
5.680000   0.00322743
5.700000   0.00334915
5.720000   0.00495865
5.740000   0.00452656
5.760000   0.00275527
5.780000   0.00276767
5.800000   0.00364979
5.820000   0.00359581
5.840000   0.00400884
5.860000   0.00482064
5.880000   0.00386341
5.900000   0.002859
5.920000   0.00442653
5.940000   0.00562123
5.960000   0.00401148
5.980000   0.00306418
6.000000   0.00407852
6.020000   0
6.040000   0
6.060000   0
6.080000   0
6.100000   0
6.120000   0
6.140000   0
6.160000   0
6.180000   0
6.200000   0
6.220000   0
6.240000   0
6.260000   0
6.280000   0
6.300000   0
6.320000   0
6.340000   0
6.360000   0
6.380000   0
6.400000   0
6.420000   0
6.440000   0
6.460000   0
6.480000   0
6.500000   0
6.520000   0
6.540000   0
6.560000   0
6.580000   0
6.600000   0
6.620000   0
6.640000   0
6.660000   0
6.680000   0
6.700000   0
6.720000   0
6.740000   0
6.760000   0
6.780000   0
6.800000   0
6.820000   0
6.840000   0
6.860000   0
6.880000   0
6.900000   0
6.920000   0
6.940000   0
6.960000   0
6.980000   0
7.000000   0
7.020000   0
7.040000   0
7.060000   0
7.080000   0
7.100000   0
7.120000   0
7.140000   0
7.160000   0
7.180000   0
7.200000   0
7.220000   0
7.240000   0
7.260000   0
7.280000   0
7.300000   0
7.320000   0
7.340000   0
7.360000   0
7.380000   0
7.400000   0
7.420000   0
7.440000   0
7.460000   0
7.480000   0
7.500000   0
7.520000   0
7.540000   0
7.560000   0
7.580000   0
7.600000   0
7.620000   0
7.640000   0
7.660000   0
7.680000   0
7.700000   0
7.720000   0
7.740000   0
7.760000   0
7.780000   0
7.800000   0
7.820000   0
7.840000   0
7.860000   0
7.880000   0
7.900000   0
7.920000   0
7.940000   0
7.960000   0
7.980000   0
8.000000   0
8.020000   0
8.040000   0
8.060000   0
8.080000   0
8.100000   0
8.120000   0
8.140000   0
8.160000   0
8.180000   0
8.200000   0
8.220000   0
8.240000   0
8.260000   0
8.280000   0
8.300000   0
8.320000   0
8.340000   0
8.360000   0
8.380000   0
8.400000   0
8.420000   0
8.440000   0
8.460000   0
8.480000   0
8.500000   0
8.520000   0
8.540000   0
8.560000   0
8.580000   0
8.600000   0
8.620000   0
8.640000   0
8.660000   0
8.680000   0
8.700000   0
8.720000   0
8.740000   0
8.760000   0
8.780000   0
8.800000   0
8.820000   0
8.840000   0
8.860000   0
8.880000   0
8.900000   0
8.920000   0
8.940000   0
8.960000   0
8.980000   0
9.000000   0
9.020000   0
9.040000   0
9.060000   0
9.080000   0
9.100000   0
9.120000   0
9.140000   0
9.160000   0
9.180000   0
9.200000   0
9.220000   0
9.240000   0
9.260000   0
9.280000   0
9.300000   0
9.320000   0
9.340000   0
9.360000   0
9.380000   0
9.400000   0
9.420000   0
9.440000   0
9.460000   0
9.480000   0
9.500000   0
9.520000   0
9.540000   0
9.560000   0
9.580000   0
9.600000   0
9.620000   0
9.640000   0
9.660000   0
9.680000   0
9.700000   0
9.720000   0
9.740000   0
9.760000   0
9.780000   0
9.800000   0
9.820000   0
9.840000   0
9.860000   0
9.880000   0
9.900000   0
9.920000   0
9.940000   0
9.960000   0
9.980000   0
10.000000   0
10.020000   0
100.000000   0
