0.000000   -4.63458
0.020000   -4.63458
0.040000   -4.63458
0.060000   -2.57032
0.080000   -2.02448
0.100000   -1.77984
0.120000   -1.46456
0.140000   -1.2998
0.160000   -1.13923
0.180000   -0.844695
0.200000   -0.58719
0.220000   -0.422077
0.240000   -0.244769
0.260000   -0.0698
0.280000   0.056345
0.300000   0.176125
0.320000   0.299808
0.340000   0.399226
0.360000   0.48669
0.380000   0.576024
0.400000   0.647123
0.420000   0.703969
0.440000   0.758221
0.460000   0.800486
0.480000   0.829687
0.500000   0.855215
0.520000   0.872746
0.540000   0.879539
0.560000   0.882586
0.580000   0.880701
0.600000   0.870818
0.620000   0.857902
0.640000   0.842504
0.660000   0.821772
0.680000   0.798916
0.700000   0.77533
0.720000   0.748586
0.740000   0.720496
0.760000   0.692863
0.780000   0.663741
0.800000   0.633933
0.820000   0.605227
0.840000   0.57619
0.860000   0.546946
0.880000   0.519114
0.900000   0.491755
0.920000   0.464507
0.940000   0.438778
0.960000   0.414029
0.980000   0.38962
1.000000   0.366655
1.020000   0.344944
1.040000   0.32371
1.060000   0.30375
1.080000   0.285124
1.100000   0.267036
1.120000   0.249995
1.140000   0.234226
1.160000   0.219014
1.180000   0.204613
1.200000   0.191374
1.220000   0.178667
1.240000   0.166549
1.260000   0.155436
1.280000   0.144857
1.300000   0.134685
1.320000   0.12537
1.340000   0.116566
1.360000   0.108064
1.380000   0.100321
1.400000   0.0929797
1.420000   0.08584
1.440000   0.0794318
1.460000   0.0735492
1.480000   0.0676132
1.500000   0.0622256
1.520000   0.0573141
1.540000   0.0527958
1.560000   0.0481852
1.580000   0.0438839
1.600000   0.0402317
1.620000   0.036965
1.640000   0.033492
1.660000   0.0302465
1.680000   0.0272241
1.700000   0.0249307
1.720000   0.0221988
1.740000   0.0195096
1.760000   0.0175249
1.780000   0.0155572
1.800000   0.0134238
1.820000   0.0117327
1.840000   0.0102415
1.860000   0.0082158
1.880000   0.006751
1.900000   0.00600966
1.920000   0.00459056
1.940000   0.00271897
1.960000   0.0018715
1.980000   0.00143374
2.000000   0.0001054
2.020000   -0.00120374
2.040000   -0.00158397
2.060000   -0.00218257
2.080000   -0.00339967
2.100000   -0.00395544
2.120000   -0.00443192
2.140000   -0.00496271
2.160000   -0.00589063
2.180000   -0.00581646
2.200000   -0.00649811
2.220000   -0.00702583
2.240000   -0.00730939
2.260000   -0.00707575
2.280000   -0.00773165
2.300000   -0.00831845
2.320000   -0.00796113
2.340000   -0.00814118
2.360000   -0.00893352
2.380000   -0.00877946
2.400000   -0.00845777
2.420000   -0.00910524
2.440000   -0.0093231
2.460000   -0.0088019
2.480000   -0.00909774
2.500000   -0.00957934
2.520000   -0.00909865
2.540000   -0.00897062
2.560000   -0.00955072
2.580000   -0.00932756
2.600000   -0.00887961
2.620000   -0.0093047
2.640000   -0.00940725
2.660000   -0.00883145
2.680000   -0.00897914
2.700000   -0.00931273
2.720000   -0.00880456
2.740000   -0.00861376
2.760000   -0.0090327
2.780000   -0.00875937
2.800000   -0.00831376
2.820000   -0.00865055
2.840000   -0.00864521
2.860000   -0.0080925
2.880000   -0.00819012
2.900000   -0.00836116
2.920000   -0.00786496
2.940000   -0.00770677
2.960000   -0.00801256
2.980000   -0.00768273
3.000000   -0.00732691
3.020000   -0.00759372
3.040000   -0.00742296
3.060000   -0.00688529
3.080000   -0.00703941
3.100000   -0.00707239
3.120000   -0.00656747
3.140000   -0.00648265
3.160000   -0.00675529
3.180000   -0.00636261
3.200000   -0.00622163
3.220000   -0.00629605
3.240000   -0.00598434
3.260000   -0.00560695
3.280000   -0.00565604
3.300000   -0.0056511
3.320000   -0.00534572
3.340000   -0.00518126
3.360000   -0.00558551
3.380000   -0.00502813
3.400000   -0.00485039
3.420000   -0.00465574
3.440000   -0.00460128
3.460000   -0.00460579
3.480000   -0.00458214
3.500000   -0.0041885
3.520000   -0.00387205
3.540000   -0.00395027
3.560000   -0.00424999
3.580000   -0.00399562
3.600000   -0.00369376
3.620000   -0.0035552
3.640000   -0.00339755
3.660000   -0.00339029
3.680000   -0.00328663
3.700000   -0.00301095
3.720000   -0.0026543
3.740000   -0.00299335
3.760000   -0.00289772
3.780000   -0.00274468
3.800000   -0.00295201
3.820000   -0.0023174
3.840000   -0.00220123
3.860000   -0.00260651
3.880000   -0.00229072
3.900000   -0.00180592
3.920000   -0.00226961
3.940000   -0.00215158
3.960000   -0.00132679
3.980000   -0.00176351
4.000000   -0.00174644
4.020000   -0.00168232
4.040000   -0.00159699
4.060000   -0.00174587
4.080000   -0.00137989
4.100000   -0.000798049
4.120000   -0.000923179
4.140000   -0.00120951
4.160000   -0.00119079
4.180000   -0.00125627
4.200000   -0.00114785
4.220000   -0.000679137
4.240000   -0.000593746
4.260000   -0.000883764
4.280000   -0.000753193
4.300000   -0.000430399
4.320000   -0.000401154
4.340000   -0.00902258
4.360000   -0.000331873
4.380000   -0.000470859
4.400000   -0.000470321
4.420000   -0.000260265
4.440000   -0.000234974
4.460000   -0.0002831
4.480000   -0.000161234
4.500000   3.84487e-05
4.520000   0.000249764
4.540000   0.000317679
4.560000   0.000122776
4.580000   -3.37584e-05
4.600000   3.49004e-05
4.620000   8.81651e-05
4.640000   0.000208972
4.660000   0.000391283
4.680000   0.000273029
4.700000   0.000179804
4.720000   0.000525839
4.740000   0.00074783
4.760000   0.000591914
4.780000   0.000572298
4.800000   0.000531006
4.820000   0.000308262
4.840000   0.000494317
4.860000   0.000782421
4.880000   0.000464144
4.900000   0.000336724
4.920000   0.000857343
4.940000   0.00101968
4.960000   0.000840929
4.980000   0.0010294
5.000000   0.000982261
5.020000   0.000530218
5.040000   0.000580391
5.060000   0.000888989
5.080000   0.000842674
5.100000   0.000940694
5.120000   0.00103682
5.140000   0.000563326
5.160000   0.000584692
5.180000   0.00149037
5.200000   0.00169481
5.220000   0.000946515
5.240000   0.000636141
5.260000   0.000785724
5.280000   0.00083391
5.300000   0.00102592
5.320000   0.00111488
5.340000   0.000855362
5.360000   0.000964179
5.380000   0.00136282
5.400000   0.0012084
5.420000   0.00098855
5.440000   0.00129058
5.460000   0.00137257
5.480000   0.00098557
5.500000   0.000756401
5.520000   0.000679363
5.540000   0.000715824
5.560000   0.0011313
5.580000   0.001377
5.600000   0.00101669
5.620000   0.000887922
5.640000   0.00139074
5.660000   0.001625
5.680000   0.00124919
5.700000   0.000903213
5.720000   0.000847501
5.740000   0.00090752
5.760000   0.00110009
5.780000   0.00114698
5.800000   0.00074781
5.820000   0.000445482
5.840000   0.000953913
5.860000   0.00160483
5.880000   0.00139742
5.900000   0.000777779
5.920000   0.000638323
5.940000   0.000775759
5.960000   0.000971489
5.980000   0.00131656
6.000000   0.00128573
6.020000   0
6.040000   0
6.060000   0
6.080000   0
6.100000   0
6.120000   0
6.140000   0
6.160000   0
6.180000   0
6.200000   0
6.220000   0
6.240000   0
6.260000   0
6.280000   0
6.300000   0
6.320000   0
6.340000   0
6.360000   0
6.380000   0
6.400000   0
6.420000   0
6.440000   0
6.460000   0
6.480000   0
6.500000   0
6.520000   0
6.540000   0
6.560000   0
6.580000   0
6.600000   0
6.620000   0
6.640000   0
6.660000   0
6.680000   0
6.700000   0
6.720000   0
6.740000   0
6.760000   0
6.780000   0
6.800000   0
6.820000   0
6.840000   0
6.860000   0
6.880000   0
6.900000   0
6.920000   0
6.940000   0
6.960000   0
6.980000   0
7.000000   0
7.020000   0
7.040000   0
7.060000   0
7.080000   0
7.100000   0
7.120000   0
7.140000   0
7.160000   0
7.180000   0
7.200000   0
7.220000   0
7.240000   0
7.260000   0
7.280000   0
7.300000   0
7.320000   0
7.340000   0
7.360000   0
7.380000   0
7.400000   0
7.420000   0
7.440000   0
7.460000   0
7.480000   0
7.500000   0
7.520000   0
7.540000   0
7.560000   0
7.580000   0
7.600000   0
7.620000   0
7.640000   0
7.660000   0
7.680000   0
7.700000   0
7.720000   0
7.740000   0
7.760000   0
7.780000   0
7.800000   0
7.820000   0
7.840000   0
7.860000   0
7.880000   0
7.900000   0
7.920000   0
7.940000   0
7.960000   0
7.980000   0
8.000000   0
8.020000   0
8.040000   0
8.060000   0
8.080000   0
8.100000   0
8.120000   0
8.140000   0
8.160000   0
8.180000   0
8.200000   0
8.220000   0
8.240000   0
8.260000   0
8.280000   0
8.300000   0
8.320000   0
8.340000   0
8.360000   0
8.380000   0
8.400000   0
8.420000   0
8.440000   0
8.460000   0
8.480000   0
8.500000   0
8.520000   0
8.540000   0
8.560000   0
8.580000   0
8.600000   0
8.620000   0
8.640000   0
8.660000   0
8.680000   0
8.700000   0
8.720000   0
8.740000   0
8.760000   0
8.780000   0
8.800000   0
8.820000   0
8.840000   0
8.860000   0
8.880000   0
8.900000   0
8.920000   0
8.940000   0
8.960000   0
8.980000   0
9.000000   0
9.020000   0
9.040000   0
9.060000   0
9.080000   0
9.100000   0
9.120000   0
9.140000   0
9.160000   0
9.180000   0
9.200000   0
9.220000   0
9.240000   0
9.260000   0
9.280000   0
9.300000   0
9.320000   0
9.340000   0
9.360000   0
9.380000   0
9.400000   0
9.420000   0
9.440000   0
9.460000   0
9.480000   0
9.500000   0
9.520000   0
9.540000   0
9.560000   0
9.580000   0
9.600000   0
9.620000   0
9.640000   0
9.660000   0
9.680000   0
9.700000   0
9.720000   0
9.740000   0
9.760000   0
9.780000   0
9.800000   0
9.820000   0
9.840000   0
9.860000   0
9.880000   0
9.900000   0
9.920000   0
9.940000   0
9.960000   0
9.980000   0
10.000000   0
10.020000   0
100.000000   0
