0.000000   -0.45683
0.020000   -0.45683
0.040000   -0.45683
0.060000   -0.45683
0.080000   -0.45683
0.100000   -0.42745
0.120000   -0.0683267
0.140000   0.0939333
0.160000   0.11816
0.180000   0.229933
0.200000   0.33698
0.220000   0.375433
0.240000   0.42555
0.260000   0.47987
0.280000   0.49598
0.300000   0.50476
0.320000   0.516053
0.340000   0.505387
0.360000   0.48497
0.380000   0.466477
0.400000   0.437023
0.420000   0.400283
0.440000   0.366527
0.460000   0.32863
0.480000   0.286577
0.500000   0.24822
0.520000   0.209913
0.540000   0.169843
0.560000   0.133651
0.580000   0.0997743
0.600000   0.065747
0.620000   0.035407
0.640000   0.008429
0.660000   -0.0177453
0.680000   -0.040709
0.700000   -0.0601054
0.720000   -0.0783192
0.740000   -0.0940313
0.760000   -0.106536
0.780000   -0.117879
0.800000   -0.127507
0.820000   -0.134529
0.840000   -0.140563
0.860000   -0.145559
0.880000   -0.148554
0.900000   -0.150723
0.920000   -0.152337
0.940000   -0.15246
0.960000   -0.151856
0.980000   -0.151052
1.000000   -0.149165
1.020000   -0.14667
1.040000   -0.144154
1.060000   -0.140937
1.080000   -0.137216
1.100000   -0.133618
1.120000   -0.129626
1.140000   -0.12523
1.160000   -0.121045
1.180000   -0.116712
1.200000   -0.112068
1.220000   -0.10767
1.240000   -0.103307
1.260000   -0.0987197
1.280000   -0.094367
1.300000   -0.0901767
1.320000   -0.0858253
1.340000   -0.0816787
1.360000   -0.0777653
1.380000   -0.0737263
1.400000   -0.069872
1.420000   -0.0662941
1.440000   -0.0626036
1.460000   -0.059002
1.480000   -0.0557432
1.500000   -0.052432
1.520000   -0.0491845
1.540000   -0.0461201
1.560000   -0.0432016
1.580000   -0.040338
1.600000   -0.037568
1.620000   -0.0348125
1.640000   -0.0322194
1.660000   -0.0297857
1.680000   -0.0274609
1.700000   -0.024995
1.720000   -0.0228799
1.740000   -0.0208694
1.760000   -0.018639
1.780000   -0.0167701
1.800000   -0.0150434
1.820000   -0.0131941
1.840000   -0.0114336
1.860000   -0.00997037
1.880000   -0.00819997
1.900000   -0.00682747
1.920000   -0.00597337
1.940000   -0.0047246
1.960000   -0.00295923
1.980000   -0.00174867
2.000000   -0.0011873
2.020000   -0.000126367
2.040000   0.000947663
2.060000   0.00193952
2.080000   0.00269814
2.100000   0.0035474
2.120000   0.00409025
2.140000   0.00472571
2.160000   0.00561949
2.180000   0.00664867
2.200000   0.00715279
2.220000   0.00726581
2.240000   0.0080167
2.260000   0.00880871
2.280000   0.00917601
2.300000   0.00967123
2.320000   0.0102391
2.340000   0.01037
2.360000   0.0106673
2.380000   0.0114801
2.400000   0.0118678
2.420000   0.0117742
2.440000   0.0121149
2.460000   0.0125875
2.480000   0.012717
2.500000   0.0128931
2.520000   0.0131319
2.540000   0.013307
2.560000   0.0130696
2.580000   0.0134606
2.600000   0.0137365
2.620000   0.0135824
2.640000   0.0137319
2.660000   0.0138228
2.680000   0.0135574
2.700000   0.013659
2.720000   0.0140041
2.740000   0.0138346
2.760000   0.0135915
2.780000   0.0137289
2.800000   0.0136823
2.820000   0.0135082
2.840000   0.0136801
2.860000   0.0136932
2.880000   0.0132979
2.900000   0.0132052
2.920000   0.0133819
2.940000   0.0132496
2.960000   0.0130883
2.980000   0.0131891
3.000000   0.0129336
3.020000   0.012614
3.040000   0.0126934
3.060000   0.0126774
3.080000   0.0123992
3.100000   0.0123663
3.120000   0.012368
3.140000   0.0119992
3.160000   0.0118418
3.180000   0.0119893
3.200000   0.0117561
3.220000   0.0112297
3.240000   0.0110854
3.260000   0.0111079
3.280000   0.0110345
3.300000   0.0110154
3.320000   0.010772
3.340000   0.0103323
3.360000   0.0103151
3.380000   0.0101068
3.400000   0.0094661
3.420000   0.0092558
3.440000   0.00972597
3.460000   0.00963873
3.480000   0.00905207
3.500000   0.008898
3.520000   0.0088574
3.540000   0.00852643
3.560000   0.00831083
3.580000   0.00790714
3.600000   0.00736215
3.620000   0.00757183
3.640000   0.00810846
3.660000   0.0077745
3.680000   0.00708005
3.700000   0.00694775
3.720000   0.00683481
3.740000   0.00650303
3.760000   0.00616385
3.780000   0.0059151
3.800000   0.00591816
3.820000   0.00604728
3.840000   0.00594178
3.860000   0.00557566
3.880000   0.00533594
3.900000   0.00509305
3.920000   0.00486293
3.940000   0.004802
3.960000   0.00443059
3.980000   0.00383349
4.000000   0.00388081
4.020000   0.00446238
4.040000   0.00413828
4.060000   0.00354766
4.080000   0.00358264
4.100000   0.0033617
4.120000   0.0029237
4.140000   0.00312884
4.160000   0.00302598
4.180000   0.00212216
4.200000   0.0019393
4.220000   0.00253165
4.240000   0.00249134
4.260000   0.00215005
4.280000   0.00214184
4.300000   0.0017827
4.320000   0.00127293
4.340000   -0.00149929
4.360000   0.00142878
4.380000   0.000912423
4.400000   0.00063035
4.420000   0.000787627
4.440000   0.00083817
4.460000   0.000740043
4.480000   0.000600307
4.500000   0.000372016
4.520000   0.000158104
4.540000   2.30057e-05
4.560000   -7.42633e-05
4.580000   -0.000251549
4.600000   -0.000661828
4.620000   -0.000891554
4.640000   -0.000587728
4.660000   -0.000428249
4.680000   -0.000703102
4.700000   -0.000757274
4.720000   -0.000854667
4.740000   -0.00139826
4.760000   -0.0014282
4.780000   -0.00102025
4.800000   -0.00153242
4.820000   -0.00223617
4.840000   -0.00186543
4.860000   -0.00153646
4.880000   -0.00180164
4.900000   -0.00172061
4.920000   -0.00177655
4.940000   -0.00232257
4.960000   -0.00214695
4.980000   -0.00184723
5.000000   -0.00260421
5.020000   -0.00287227
5.040000   -0.00223143
5.060000   -0.00271039
5.080000   -0.00344076
5.100000   -0.00245657
5.120000   -0.00167419
5.140000   -0.00261583
5.160000   -0.00328281
5.180000   -0.00306598
5.200000   -0.00300291
5.220000   -0.00270111
5.240000   -0.00258202
5.260000   -0.00365327
5.280000   -0.00415867
5.300000   -0.00298538
5.320000   -0.00246092
5.340000   -0.00323789
5.360000   -0.00337328
5.380000   -0.00294227
5.400000   -0.00306446
5.420000   -0.00334022
5.440000   -0.00361308
5.460000   -0.00390279
5.480000   -0.00347889
5.500000   -0.00302034
5.520000   -0.00371931
5.540000   -0.00420137
5.560000   -0.00337555
5.580000   -0.00281957
5.600000   -0.00316752
5.620000   -0.00335996
5.640000   -0.0036202
5.660000   -0.00408676
5.680000   -0.00361676
5.700000   -0.00293082
5.720000   -0.00380292
5.740000   -0.00483125
5.760000   -0.00390618
5.780000   -0.00267124
5.800000   -0.0031171
5.820000   -0.00387546
5.840000   -0.00379295
5.860000   -0.00382462
5.880000   -0.0038005
5.900000   -0.00305313
5.920000   -0.00318609
5.940000   -0.00464772
5.960000   -0.00466301
5.980000   -0.00293337
6.000000   -0.00249976
6.020000   0
6.040000   0
6.060000   0
6.080000   0
6.100000   0
6.120000   0
6.140000   0
6.160000   0
6.180000   0
6.200000   0
6.220000   0
6.240000   0
6.260000   0
6.280000   0
6.300000   0
6.320000   0
6.340000   0
6.360000   0
6.380000   0
6.400000   0
6.420000   0
6.440000   0
6.460000   0
6.480000   0
6.500000   0
6.520000   0
6.540000   0
6.560000   0
6.580000   0
6.600000   0
6.620000   0
6.640000   0
6.660000   0
6.680000   0
6.700000   0
6.720000   0
6.740000   0
6.760000   0
6.780000   0
6.800000   0
6.820000   0
6.840000   0
6.860000   0
6.880000   0
6.900000   0
6.920000   0
6.940000   0
6.960000   0
6.980000   0
7.000000   0
7.020000   0
7.040000   0
7.060000   0
7.080000   0
7.100000   0
7.120000   0
7.140000   0
7.160000   0
7.180000   0
7.200000   0
7.220000   0
7.240000   0
7.260000   0
7.280000   0
7.300000   0
7.320000   0
7.340000   0
7.360000   0
7.380000   0
7.400000   0
7.420000   0
7.440000   0
7.460000   0
7.480000   0
7.500000   0
7.520000   0
7.540000   0
7.560000   0
7.580000   0
7.600000   0
7.620000   0
7.640000   0
7.660000   0
7.680000   0
7.700000   0
7.720000   0
7.740000   0
7.760000   0
7.780000   0
7.800000   0
7.820000   0
7.840000   0
7.860000   0
7.880000   0
7.900000   0
7.920000   0
7.940000   0
7.960000   0
7.980000   0
8.000000   0
8.020000   0
8.040000   0
8.060000   0
8.080000   0
8.100000   0
8.120000   0
8.140000   0
8.160000   0
8.180000   0
8.200000   0
8.220000   0
8.240000   0
8.260000   0
8.280000   0
8.300000   0
8.320000   0
8.340000   0
8.360000   0
8.380000   0
8.400000   0
8.420000   0
8.440000   0
8.460000   0
8.480000   0
8.500000   0
8.520000   0
8.540000   0
8.560000   0
8.580000   0
8.600000   0
8.620000   0
8.640000   0
8.660000   0
8.680000   0
8.700000   0
8.720000   0
8.740000   0
8.760000   0
8.780000   0
8.800000   0
8.820000   0
8.840000   0
8.860000   0
8.880000   0
8.900000   0
8.920000   0
8.940000   0
8.960000   0
8.980000   0
9.000000   0
9.020000   0
9.040000   0
9.060000   0
9.080000   0
9.100000   0
9.120000   0
9.140000   0
9.160000   0
9.180000   0
9.200000   0
9.220000   0
9.240000   0
9.260000   0
9.280000   0
9.300000   0
9.320000   0
9.340000   0
9.360000   0
9.380000   0
9.400000   0
9.420000   0
9.440000   0
9.460000   0
9.480000   0
9.500000   0
9.520000   0
9.540000   0
9.560000   0
9.580000   0
9.600000   0
9.620000   0
9.640000   0
9.660000   0
9.680000   0
9.700000   0
9.720000   0
9.740000   0
9.760000   0
9.780000   0
9.800000   0
9.820000   0
9.840000   0
9.860000   0
9.880000   0
9.900000   0
9.920000   0
9.940000   0
9.960000   0
9.980000   0
10.000000   0
10.020000   0
100.000000   0
