0.000000   0.029448
0.020000   0.029448
0.040000   0.029448
0.060000   0.029448
0.080000   0.029448
0.100000   0.029448
0.120000   0.029448
0.140000   0.029448
0.160000   0.029448
0.180000   0.0299276
0.200000   0.0232805
0.220000   0.0315959
0.240000   0.0332724
0.260000   0.0283215
0.280000   0.0301565
0.300000   0.031608
0.320000   0.0291153
0.340000   0.0302528
0.360000   0.0324755
0.380000   0.0323109
0.400000   0.0332268
0.420000   0.0351183
0.440000   0.0350977
0.460000   0.0351794
0.480000   0.0359826
0.500000   0.035437
0.520000   0.0345035
0.540000   0.0341067
0.560000   0.0328435
0.580000   0.0310593
0.600000   0.0297088
0.620000   0.0278977
0.640000   0.0256038
0.660000   0.0236764
0.680000   0.0215858
0.700000   0.0191033
0.720000   0.0169211
0.740000   0.014773
0.760000   0.0123453
0.780000   0.01016
0.800000   0.00814566
0.820000   0.00595223
0.840000   0.00395069
0.860000   0.00219456
0.880000   0.00034871
0.900000   -0.00135182
0.920000   -0.00277846
0.940000   -0.00422622
0.960000   -0.00557325
0.980000   -0.00665225
1.000000   -0.00770445
1.020000   -0.0086966
1.040000   -0.00944895
1.060000   -0.0101439
1.080000   -0.0108128
1.100000   -0.011283
1.120000   -0.0116778
1.140000   -0.0120768
1.160000   -0.0123193
1.180000   -0.0124797
1.200000   -0.012659
1.220000   -0.0127308
1.240000   -0.0127189
1.260000   -0.0127358
1.280000   -0.0126851
1.300000   -0.0125534
1.320000   -0.0124523
1.340000   -0.012316
1.360000   -0.0121051
1.380000   -0.011922
1.400000   -0.0117251
1.420000   -0.0114607
1.440000   -0.0112213
1.460000   -0.0109919
1.480000   -0.0106963
1.500000   -0.0104142
1.520000   -0.0101574
1.540000   -0.00986286
1.560000   -0.00955244
1.580000   -0.0092687
1.600000   -0.00897293
1.620000   -0.00867789
1.640000   -0.00839343
1.660000   -0.00809184
1.680000   -0.00777999
1.700000   -0.00752493
1.720000   -0.00723766
1.740000   -0.00692749
1.760000   -0.00666786
1.780000   -0.00641315
1.800000   -0.00613349
1.820000   -0.00588343
1.840000   -0.00564405
1.860000   -0.0053726
1.880000   -0.00514157
1.900000   -0.00494575
1.920000   -0.00470461
1.940000   -0.00445915
1.960000   -0.00427048
1.980000   -0.00408456
2.000000   -0.00387216
2.020000   -0.00367635
2.040000   -0.00350174
2.060000   -0.00332344
2.080000   -0.00314683
2.100000   -0.00298589
2.120000   -0.00282214
2.140000   -0.00267354
2.160000   -0.00251131
2.180000   -0.00238061
2.200000   -0.00233751
2.220000   -0.00210673
2.240000   -0.00197048
2.260000   -0.00186814
2.280000   -0.00174252
2.300000   -0.00161104
2.320000   -0.00152317
2.340000   -0.00142266
2.360000   -0.00129081
2.380000   -0.00120228
2.400000   -0.00113245
2.420000   -0.0010198
2.440000   -0.00092475
2.460000   -0.000867321
2.480000   -0.000775046
2.500000   -0.000679576
2.520000   -0.00063172
2.540000   -0.000565483
2.560000   -0.000470933
2.580000   -0.000419509
2.600000   -0.000372589
2.620000   -0.00029355
2.640000   -0.000238575
2.660000   -0.00020583
2.680000   -0.000142336
2.700000   -8.0937e-05
2.720000   -5.4129e-05
2.740000   -1.0049e-05
2.760000   4.7125e-05
2.780000   7.4162e-05
2.800000   0.000104006
2.820000   0.000151435
2.840000   0.000180726
2.860000   0.000199475
2.880000   0.000240957
2.900000   0.000281969
2.920000   0.000296001
2.940000   0.000321462
2.960000   0.000349741
2.980000   0.000358972
3.000000   0.000372409
3.020000   0.000404199
3.040000   0.000427649
3.060000   0.000443722
3.080000   0.000472664
3.100000   0.000502237
3.120000   0.000490088
3.140000   0.000493514
3.160000   0.000509683
3.180000   0.000514565
3.200000   0.000488597
3.220000   0.000539244
3.240000   0.000586273
3.260000   0.000596168
3.280000   0.000608683
3.300000   0.000574607
3.320000   0.000539617
3.340000   0.000599226
3.360000   0.000547669
3.380000   0.000546712
3.400000   0.000597627
3.420000   0.000723246
3.440000   0.000654545
3.460000   0.000562683
3.480000   0.000596618
3.500000   0.000610855
3.520000   0.000577844
3.540000   0.000622887
3.560000   0.000591199
3.580000   0.000552304
3.600000   0.000646131
3.620000   0.000719171
3.640000   0.000611332
3.660000   0.000520766
3.680000   0.000581552
3.700000   0.000603817
3.720000   0.000614204
3.740000   0.000583903
3.760000   0.000593248
3.780000   0.000592629
3.800000   0.000570901
3.820000   0.000623076
3.840000   0.000571638
3.860000   0.000516529
3.880000   0.000532194
3.900000   0.000544721
3.920000   0.00051763
3.940000   0.00053637
3.960000   0.000561154
3.980000   0.000529134
4.000000   0.000616256
4.020000   0.000503887
4.040000   0.000446469
4.060000   0.000502822
4.080000   0.000480532
4.100000   0.00045139
4.120000   0.000526007
4.140000   0.000506999
4.160000   0.000381467
4.180000   0.000416481
4.200000   0.000523883
4.220000   0.000477335
4.240000   0.000416067
4.260000   0.000434928
4.280000   0.000396744
4.300000   0.000360035
4.320000   0.00042421
4.340000   0.00072658
4.360000   0.000362522
4.380000   0.000352551
4.400000   0.00039768
4.420000   0.000393774
4.440000   0.000365632
4.460000   0.000346791
4.480000   0.000326952
4.500000   0.000320785
4.520000   0.000329467
4.540000   0.00033678
4.560000   0.000321958
4.580000   0.00027778
4.600000   0.00027075
4.620000   0.000324079
4.640000   0.00032318
4.660000   0.000264948
4.680000   0.000265583
4.700000   0.000263293
4.720000   0.000207685
4.740000   0.000241728
4.760000   0.000306905
4.780000   0.000220326
4.800000   0.000149465
4.820000   0.000238121
4.840000   0.000264027
4.860000   0.000194386
4.880000   0.000203102
4.900000   0.00019268
4.920000   0.000125857
4.940000   0.000182394
4.960000   0.000233161
4.980000   0.000124508
5.000000   0.000114101
5.020000   0.00021289
5.040000   0.000128241
5.060000   4.52716e-05
5.080000   0.000195653
5.100000   0.000241148
5.120000   6.4957e-05
5.140000   1.92819e-05
5.160000   0.00010183
5.180000   0.000113109
5.200000   0.000144324
5.220000   0.000146377
5.240000   5e-11
5.260000   -2.6658e-05
5.280000   0.000147266
5.300000   0.000159002
5.320000   8.502e-06
5.340000   8.4103e-06
5.360000   8.21146e-05
5.380000   5.52045e-05
5.400000   2.58425e-05
5.420000   1.797e-05
5.440000   4.39e-06
5.460000   6.32e-05
5.480000   9.11555e-05
5.500000   -2.63113e-05
5.520000   -7.05348e-05
5.540000   4.44741e-05
5.560000   6.82585e-05
5.580000   -1.743e-05
5.600000   -3.09427e-05
5.620000   -3.43803e-05
5.640000   -6.69843e-05
5.660000   9.2325e-06
5.680000   7.391e-05
5.700000   -6.17988e-05
5.720000   -0.00015626
5.740000   -2.177e-06
5.760000   0.000103823
5.780000   -2.41045e-05
5.800000   -0.000117806
5.820000   -6.26909e-05
5.840000   -4.86932e-05
5.860000   -5.0635e-05
5.880000   2.23825e-05
5.900000   -2.88744e-05
5.920000   -0.000206222
5.940000   -0.000163517
5.960000   3.25106e-05
5.980000   -6.2135e-06
6.000000   -0.000158473
6.020000   0
6.040000   0
6.060000   0
6.080000   0
6.100000   0
6.120000   0
6.140000   0
6.160000   0
6.180000   0
6.200000   0
6.220000   0
6.240000   0
6.260000   0
6.280000   0
6.300000   0
6.320000   0
6.340000   0
6.360000   0
6.380000   0
6.400000   0
6.420000   0
6.440000   0
6.460000   0
6.480000   0
6.500000   0
6.520000   0
6.540000   0
6.560000   0
6.580000   0
6.600000   0
6.620000   0
6.640000   0
6.660000   0
6.680000   0
6.700000   0
6.720000   0
6.740000   0
6.760000   0
6.780000   0
6.800000   0
6.820000   0
6.840000   0
6.860000   0
6.880000   0
6.900000   0
6.920000   0
6.940000   0
6.960000   0
6.980000   0
7.000000   0
7.020000   0
7.040000   0
7.060000   0
7.080000   0
7.100000   0
7.120000   0
7.140000   0
7.160000   0
7.180000   0
7.200000   0
7.220000   0
7.240000   0
7.260000   0
7.280000   0
7.300000   0
7.320000   0
7.340000   0
7.360000   0
7.380000   0
7.400000   0
7.420000   0
7.440000   0
7.460000   0
7.480000   0
7.500000   0
7.520000   0
7.540000   0
7.560000   0
7.580000   0
7.600000   0
7.620000   0
7.640000   0
7.660000   0
7.680000   0
7.700000   0
7.720000   0
7.740000   0
7.760000   0
7.780000   0
7.800000   0
7.820000   0
7.840000   0
7.860000   0
7.880000   0
7.900000   0
7.920000   0
7.940000   0
7.960000   0
7.980000   0
8.000000   0
8.020000   0
8.040000   0
8.060000   0
8.080000   0
8.100000   0
8.120000   0
8.140000   0
8.160000   0
8.180000   0
8.200000   0
8.220000   0
8.240000   0
8.260000   0
8.280000   0
8.300000   0
8.320000   0
8.340000   0
8.360000   0
8.380000   0
8.400000   0
8.420000   0
8.440000   0
8.460000   0
8.480000   0
8.500000   0
8.520000   0
8.540000   0
8.560000   0
8.580000   0
8.600000   0
8.620000   0
8.640000   0
8.660000   0
8.680000   0
8.700000   0
8.720000   0
8.740000   0
8.760000   0
8.780000   0
8.800000   0
8.820000   0
8.840000   0
8.860000   0
8.880000   0
8.900000   0
8.920000   0
8.940000   0
8.960000   0
8.980000   0
9.000000   0
9.020000   0
9.040000   0
9.060000   0
9.080000   0
9.100000   0
9.120000   0
9.140000   0
9.160000   0
9.180000   0
9.200000   0
9.220000   0
9.240000   0
9.260000   0
9.280000   0
9.300000   0
9.320000   0
9.340000   0
9.360000   0
9.380000   0
9.400000   0
9.420000   0
9.440000   0
9.460000   0
9.480000   0
9.500000   0
9.520000   0
9.540000   0
9.560000   0
9.580000   0
9.600000   0
9.620000   0
9.640000   0
9.660000   0
9.680000   0
9.700000   0
9.720000   0
9.740000   0
9.760000   0
9.780000   0
9.800000   0
9.820000   0
9.840000   0
9.860000   0
9.880000   0
9.900000   0
9.920000   0
9.940000   0
9.960000   0
9.980000   0
10.000000   0
10.020000   0
100.000000   0
