0.000000   -1.0
0.005000   -0.982311
0.010000   -0.97339
0.015000   -0.961356
0.020000   -0.947693
0.025000   -0.93015
0.030000   -0.912268
0.035000   -0.894998
0.040000   -0.879621
0.045000   -0.866609
0.050000   -0.856655
0.055000   -0.849535
0.060000   -0.845178
0.065000   -0.842368
0.070000   -0.84055
0.075000   -0.838997
0.080000   -0.837009
0.085000   -0.834073
0.090000   -0.829823
0.095000   -0.82419
0.100000   -0.817391
0.105000   -0.809652
0.110000   -0.801314
0.115000   -0.792856
0.120000   -0.784607
0.125000   -0.776727
0.130000   -0.769417
0.135000   -0.762664
0.140000   -0.756349
0.145000   -0.750332
0.150000   -0.744413
0.155000   -0.738404
0.160000   -0.732212
0.165000   -0.725749
0.170000   -0.719002
0.175000   -0.712011
0.180000   -0.704873
0.185000   -0.69768
0.190000   -0.690554
0.195000   -0.683493
0.200000   -0.676543
0.205000   -0.66974
0.210000   -0.66298
0.215000   -0.656271
0.220000   -0.649525
0.225000   -0.642693
0.230000   -0.635745
0.235000   -0.6287
0.240000   -0.621557
0.245000   -0.614339
0.250000   -0.607117
0.255000   -0.599907
0.260000   -0.592733
0.265000   -0.585618
0.270000   -0.578563
0.275000   -0.571532
0.280000   -0.564524
0.285000   -0.557512
0.290000   -0.550464
0.295000   -0.543374
0.300000   -0.536256
0.305000   -0.5291
0.310000   -0.521926
0.315000   -0.514773
0.320000   -0.507648
0.325000   -0.500562
0.330000   -0.493519
0.335000   -0.486524
0.340000   -0.479572
0.345000   -0.472644
0.350000   -0.463687
0.355000   -0.456777
0.360000   -0.449859
0.365000   -0.444986
0.370000   -0.438084
0.375000   -0.431199
0.380000   -0.424345
0.385000   -0.417541
0.390000   -0.410774
0.395000   -0.404065
0.400000   -0.397402
0.405000   -0.390791
0.410000   -0.384211
0.415000   -0.377662
0.420000   -0.371143
0.425000   -0.364647
0.430000   -0.358172
0.435000   -0.351732
0.440000   -0.345339
0.445000   -0.338981
0.450000   -0.332686
0.455000   -0.326436
0.460000   -0.320252
0.465000   -0.314116
0.470000   -0.30804
0.475000   -0.302008
0.480000   -0.296014
0.485000   -0.290074
0.490000   -0.284164
0.495000   -0.278299
0.500000   -0.272484
0.505000   -0.266716
0.510000   -0.261
0.515000   -0.255346
0.520000   -0.249765
0.525000   -0.244239
0.530000   -0.238773
0.535000   -0.233367
0.540000   -0.228019
0.545000   -0.222713
0.550000   -0.217465
0.555000   -0.212268
0.560000   -0.207121
0.565000   -0.202039
0.570000   -0.197005
0.575000   -0.192036
0.580000   -0.187131
0.585000   -0.182301
0.590000   -0.177528
0.595000   -0.172818
0.600000   -0.168171
0.605000   -0.163581
0.610000   -0.159045
0.615000   -0.154571
0.620000   -0.150145
0.625000   -0.14578
0.630000   -0.141472
0.635000   -0.137231
0.640000   -0.133047
0.645000   -0.128935
0.650000   -0.124883
0.655000   -0.120891
0.660000   -0.116963
0.665000   -0.113098
0.670000   -0.109289
0.675000   -0.105533
0.680000   -0.101833
0.685000   -0.0981844
0.690000   -0.0945999
0.695000   -0.091068
0.700000   -0.0875961
0.705000   -0.0841875
0.710000   -0.0808351
0.715000   -0.0775423
0.720000   -0.0743085
0.725000   -0.0711286
0.730000   -0.0680057
0.735000   -0.0649356
0.740000   -0.0619171
0.745000   -0.0589444
0.750000   -0.0560292
0.755000   -0.0531652
0.760000   -0.050348
0.765000   -0.0475926
0.770000   -0.0448877
0.775000   -0.0422404
0.780000   -0.0396405
0.785000   -0.0370899
0.790000   -0.0345946
0.795000   -0.0321421
0.800000   -0.0297422
0.805000   -0.0273787
0.810000   -0.0250666
0.815000   -0.022801
0.820000   -0.020579
0.825000   -0.0184053
0.830000   -0.0162761
0.835000   -0.0141959
0.840000   -0.0121583
0.845000   -0.0101701
0.850000   -0.00822075
0.855000   -0.00632017
0.860000   -0.00445592
0.865000   -0.00263358
0.870000   -0.000851417
0.875000   0.00089725
0.880000   0.00259917
0.885000   0.004265
0.890000   0.00589575
0.895000   0.007479
0.900000   0.00902792
0.905000   0.0105352
0.910000   0.0120049
0.915000   0.0134402
0.920000   0.0148388
0.925000   0.0162055
0.930000   0.0175347
0.935000   0.0188328
0.940000   0.0201016
0.945000   0.0213351
0.950000   0.0225336
0.955000   0.0236998
0.960000   0.024829
0.965000   0.0259329
0.970000   0.0270024
0.975000   0.028044
0.980000   0.0290512
0.985000   0.0300339
0.990000   0.0309865
0.995000   0.0319099
1.000000   0.0328101
1.005000   0.0336807
1.010000   0.0345267
1.015000   0.0353466
1.020000   0.0361348
1.025000   0.0369002
1.030000   0.0376399
1.035000   0.0383524
1.040000   0.0390423
1.045000   0.0397094
1.050000   0.0403494
1.055000   0.0409705
1.060000   0.0415714
1.065000   0.0421481
1.070000   0.0427053
1.075000   0.0432382
1.080000   0.0437551
1.085000   0.0442461
1.090000   0.044719
1.095000   0.0451679
1.100000   0.0456001
1.105000   0.0460127
1.110000   0.0464063
1.115000   0.0467841
1.120000   0.0471474
1.125000   0.0474895
1.130000   0.0478168
1.135000   0.0481261
1.140000   0.0484215
1.145000   0.0486974
1.150000   0.0489567
1.155000   0.0492052
1.160000   0.0494321
1.165000   0.0496456
1.170000   0.0498464
1.175000   0.0500331
1.180000   0.0502066
1.185000   0.0503677
1.190000   0.0505163
1.195000   0.0506491
1.200000   0.0507742
1.205000   0.0508847
1.210000   0.0509825
1.215000   0.0510706
1.220000   0.0511419
1.225000   0.0512039
1.230000   0.0512536
1.235000   0.051295
1.240000   0.0513275
1.245000   0.0513475
1.250000   0.0513605
1.255000   0.0513616
1.260000   0.0513562
1.265000   0.0513416
1.270000   0.0513177
1.275000   0.0512809
1.280000   0.0512384
1.285000   0.0511862
1.290000   0.0511254
1.295000   0.0510568
1.300000   0.0509824
1.305000   0.0508993
1.310000   0.0508092
1.315000   0.050711
1.320000   0.0506097
1.325000   0.0505
1.330000   0.0503851
1.335000   0.0502626
1.340000   0.0501328
1.345000   0.049997
1.350000   0.0498536
1.355000   0.0497076
1.360000   0.049553
1.365000   0.049395
1.370000   0.0492343
1.375000   0.0490645
1.380000   0.0488925
1.385000   0.048719
1.390000   0.0485369
1.395000   0.0483483
1.400000   0.0481562
1.405000   0.0479599
1.410000   0.047762
1.415000   0.0475567
1.420000   0.0473483
1.425000   0.0471387
1.430000   0.0469224
1.435000   0.0467061
1.440000   0.0464881
1.445000   0.0462648
1.450000   0.0460395
1.455000   0.0458112
1.460000   0.0455776
1.465000   0.0453418
1.470000   0.0451032
1.475000   0.0448579
1.480000   0.0446148
1.485000   0.0443672
1.490000   0.0441164
1.495000   0.0438636
1.500000   0.0436117
1.505000   0.0433587
1.510000   0.0431029
1.515000   0.0428441
1.520000   0.0425874
1.525000   0.0423281
1.530000   0.0420625
1.535000   0.0418008
1.540000   0.0415342
1.545000   0.0412646
1.550000   0.0409955
1.555000   0.0407217
1.560000   0.0404474
1.565000   0.0401735
1.570000   0.0398984
1.575000   0.0396209
1.580000   0.0393454
1.585000   0.0390658
1.590000   0.0387906
1.595000   0.0385114
1.600000   0.0382347
1.605000   0.0379575
1.610000   0.0376779
1.615000   0.0373999
1.620000   0.0371213
1.625000   0.0368405
1.630000   0.0365588
1.635000   0.0362757
1.640000   0.0359908
1.645000   0.0357052
1.650000   0.0354196
1.655000   0.0351336
1.660000   0.0348463
1.665000   0.0345611
1.670000   0.0342761
1.675000   0.0339905
1.680000   0.0337103
1.685000   0.0334277
1.690000   0.0331476
1.695000   0.0328694
1.700000   0.0325884
1.705000   0.03231
1.710000   0.0320303
1.715000   0.0317504
1.720000   0.0314678
1.725000   0.0311855
1.730000   0.0309036
1.735000   0.0306185
1.740000   0.0303396
1.745000   0.0300586
1.750000   0.0297789
1.755000   0.0295013
1.760000   0.0292269
1.765000   0.0289507
1.770000   0.0286747
1.775000   0.0284014
1.780000   0.0281278
1.785000   0.0278545
1.790000   0.0275827
1.795000   0.0273127
1.800000   0.0270415
1.805000   0.0267734
1.810000   0.0265084
1.815000   0.0262418
1.820000   0.0259741
1.825000   0.0257118
1.830000   0.0254461
1.835000   0.0251817
1.840000   0.0249163
1.845000   0.0246529
1.850000   0.0243885
1.855000   0.0241258
1.860000   0.023865
1.865000   0.0236057
1.870000   0.0233478
1.875000   0.023094
1.880000   0.0228427
1.885000   0.0225932
1.890000   0.0223463
1.895000   0.022101
1.900000   0.0218556
1.905000   0.0216091
1.910000   0.0213631
1.915000   0.0211183
1.920000   0.0208706
1.925000   0.0206237
1.930000   0.0203778
1.935000   0.0201332
1.940000   0.0198899
1.945000   0.0196484
1.950000   0.0194119
1.955000   0.0191768
1.960000   0.0189421
1.965000   0.0187114
1.970000   0.0184857
1.975000   0.0182576
1.980000   0.0180327
1.985000   0.0178049
1.990000   0.0175786
1.995000   0.0173549
2.000000   0.0171293
2.005000   0.0169037
2.010000   0.01668
2.015000   0.0164599
2.020000   0.0162389
2.025000   0.0160275
2.030000   0.0158111
2.035000   0.0155961
2.040000   0.0153828
2.045000   0.0151724
2.050000   0.0149541
2.055000   0.0147464
2.060000   0.0145351
2.065000   0.0143283
2.070000   0.014118
2.075000   0.0139126
2.080000   0.0137097
2.085000   0.0135067
2.090000   0.0133047
2.095000   0.0131091
2.100000   0.0129109
2.105000   0.0127168
2.110000   0.0125228
2.115000   0.0123302
2.120000   0.0121376
2.125000   0.0119465
2.130000   0.0117551
2.135000   0.0115619
2.140000   0.0113697
2.145000   0.0111811
2.150000   0.0109908
2.155000   0.0108024
2.160000   0.0106173
2.165000   0.0104345
2.170000   0.0102536
2.175000   0.0100765
2.180000   0.00989952
2.185000   0.00972627
2.190000   0.00955187
2.195000   0.00937937
2.200000   0.00920529
2.205000   0.00903353
2.210000   0.00885829
2.215000   0.00868676
2.220000   0.00851547
2.225000   0.00834548
2.230000   0.00817753
2.235000   0.008011
2.240000   0.00784735
2.245000   0.00768427
2.250000   0.00752277
2.255000   0.00736364
2.260000   0.00720292
2.265000   0.00704562
2.270000   0.00688558
2.275000   0.00672866
2.280000   0.00656945
2.285000   0.00641372
2.290000   0.00625861
2.295000   0.00610537
2.300000   0.00595471
2.305000   0.00580723
2.310000   0.00565971
2.315000   0.00551648
2.320000   0.00537433
2.325000   0.00522965
2.330000   0.00508664
2.335000   0.00494572
2.340000   0.00480217
2.345000   0.0046584
2.350000   0.0045157
2.355000   0.0043723
2.360000   0.0042318
2.365000   0.00409326
2.370000   0.00395714
2.375000   0.00382402
2.380000   0.00369292
2.385000   0.00356349
2.390000   0.00343577
2.395000   0.0033071
2.400000   0.00318
2.405000   0.00305463
2.410000   0.00292581
2.415000   0.0027996
2.420000   0.00267321
2.425000   0.00254691
2.430000   0.00242367
2.435000   0.00230144
2.440000   0.00218228
2.445000   0.00206429
2.450000   0.00194877
2.455000   0.00183372
2.460000   0.00171895
2.465000   0.0016049
2.470000   0.00149026
2.475000   0.00137371
2.480000   0.00126054
2.485000   0.00114769
2.490000   0.00103467
2.495000   0.0009218
2.500000   0.000813407
2.505000   0.000706656
2.510000   0.000602201
2.515000   0.000500728
2.520000   0.000400038
2.525000   0.00029989
2.530000   0.000200095
2.535000   9.84325e-05
2.540000   -6.7e-07
2.545000   -0.000100291
2.550000   -0.0002
2.555000   -0.000299558
2.560000   -0.0003992
2.565000   -0.000494485
2.570000   -0.000590943
2.575000   -0.000684381
2.580000   -0.000776535
2.585000   -0.000865421
2.590000   -0.000955675
2.595000   -0.001044
2.600000   -0.00113302
2.605000   -0.0012185
2.610000   -0.00130716
2.615000   -0.00139605
2.620000   -0.00148412
2.625000   -0.00156994
2.630000   -0.0016536
2.635000   -0.00173549
2.640000   -0.00181854
2.645000   -0.0018982
2.650000   -0.00197429
2.655000   -0.00205244
2.660000   -0.00212896
2.665000   -0.00220458
2.670000   -0.00228175
2.675000   -0.00235717
2.680000   -0.0024352
2.685000   -0.0025124
2.690000   -0.00258753
2.695000   -0.00266492
2.700000   -0.00273625
2.705000   -0.00280871
2.710000   -0.00287795
2.715000   -0.00294582
2.720000   -0.00301408
2.725000   -0.00308137
2.730000   -0.00314892
2.735000   -0.00321425
2.740000   -0.00327863
2.745000   -0.003345
2.750000   -0.00341247
2.755000   -0.00347688
2.760000   -0.00354047
2.765000   -0.00360528
2.770000   -0.00366551
2.775000   -0.00372566
2.780000   -0.00378466
2.785000   -0.00384305
2.790000   -0.0039
2.795000   -0.00395534
2.800000   -0.0040128
2.805000   -0.00407177
2.810000   -0.00412883
2.815000   -0.00418607
2.820000   -0.00424362
2.825000   -0.00429955
2.830000   -0.00435522
2.835000   -0.00440895
2.840000   -0.00445889
2.845000   -0.00451002
2.850000   -0.00456041
2.855000   -0.0046079
2.860000   -0.00465612
2.865000   -0.00470413
2.870000   -0.0047514
2.875000   -0.00480157
2.880000   -0.00484882
2.885000   -0.00489809
2.890000   -0.00494518
2.895000   -0.00499255
2.900000   -0.00503733
2.905000   -0.00508225
2.910000   -0.00512605
2.915000   -0.00516826
2.920000   -0.0052097
2.925000   -0.0052522
2.930000   -0.00529086
2.935000   -0.00533371
2.940000   -0.00537541
2.945000   -0.00541548
2.950000   -0.00545612
2.955000   -0.00549553
2.960000   -0.00553599
2.965000   -0.00557392
2.970000   -0.00561063
2.975000   -0.00564468
2.980000   -0.00567758
2.985000   -0.00571241
2.990000   -0.00574417
2.995000   -0.00577883
3.000000   -0.00580768
3.005000   -0.00584256
3.010000   -0.00587575
3.015000   -0.00590996
3.020000   -0.00594335
3.025000   -0.00597637
3.030000   -0.00600816
3.035000   -0.00604005
3.040000   -0.00606926
3.045000   -0.00609817
3.050000   -0.00612619
3.055000   -0.00615387
3.060000   -0.00618165
3.065000   -0.00620858
3.070000   -0.00623517
3.075000   -0.00626601
3.080000   -0.00629273
3.085000   -0.00632047
3.090000   -0.0063474
3.095000   -0.00637022
3.100000   -0.00639637
3.105000   -0.00641929
3.110000   -0.00643949
3.115000   -0.00645879
3.120000   -0.00648006
3.125000   -0.00649948
3.130000   -0.00651799
3.135000   -0.0065399
3.140000   -0.00656041
3.145000   -0.00657957
3.150000   -0.00660067
3.155000   -0.00662091
3.160000   -0.00664308
3.165000   -0.00666151
3.170000   -0.00668096
3.175000   -0.00669667
3.180000   -0.00671233
3.185000   -0.00672809
3.190000   -0.00674236
3.195000   -0.00675667
3.200000   -0.00677295
3.205000   -0.00678587
3.210000   -0.00680316
3.215000   -0.00681852
3.220000   -0.00683437
3.225000   -0.00684982
3.230000   -0.00686478
3.235000   -0.00687597
3.240000   -0.00689056
3.245000   -0.00690123
3.250000   -0.00691348
3.255000   -0.00692418
3.260000   -0.00693688
3.265000   -0.00694859
3.270000   -0.00695891
3.275000   -0.00696921
3.280000   -0.00697899
3.285000   -0.00698685
3.290000   -0.00699663
3.295000   -0.00700194
3.300000   -0.0070092
3.305000   -0.00701306
3.310000   -0.00701682
3.315000   -0.00702056
3.320000   -0.00702269
3.325000   -0.0070308
3.330000   -0.00703584
3.335000   -0.00704004
3.340000   -0.00704505
3.345000   -0.00705266
3.350000   -0.00705717
3.355000   -0.00706231
3.360000   -0.00706581
3.365000   -0.0070688
3.370000   -0.00707129
3.375000   -0.0070726
3.380000   -0.00707438
3.385000   -0.00707567
3.390000   -0.00707823
3.395000   -0.00708045
3.400000   -0.00708512
3.405000   -0.00709078
3.410000   -0.00709707
3.415000   -0.00710038
3.420000   -0.00710466
3.425000   -0.00710737
3.430000   -0.00710898
3.435000   -0.00710966
3.440000   -0.00710661
3.445000   -0.00710206
3.450000   -0.00709876
3.455000   -0.00709488
3.460000   -0.00708825
3.465000   -0.00708309
3.470000   -0.00708042
3.475000   -0.00707561
3.480000   -0.00707129
3.485000   -0.0070664
3.490000   -0.00706147
3.495000   -0.00705645
3.500000   -0.00704885
3.505000   -0.00704269
3.510000   -0.00703746
3.515000   -0.00702993
3.520000   -0.00702568
3.525000   -0.00702133
3.530000   -0.00701793
3.535000   -0.00701346
3.540000   -0.00700971
3.545000   -0.00700722
3.550000   -0.00700025
3.555000   -0.00699706
3.560000   -0.00698994
3.565000   -0.00698279
3.570000   -0.00697502
3.575000   -0.00696374
3.580000   -0.00695634
3.585000   -0.00694935
3.590000   -0.00694279
3.595000   -0.00693618
3.600000   -0.00693321
3.605000   -0.00692828
3.610000   -0.00692471
3.615000   -0.00691858
3.620000   -0.00691114
3.625000   -0.00690283
3.630000   -0.00688963
3.635000   -0.00687847
3.640000   -0.00686427
3.645000   -0.006851
3.650000   -0.00683519
3.655000   -0.00681982
3.660000   -0.00680702
3.665000   -0.00679193
3.670000   -0.00677948
3.675000   -0.0067676
3.680000   -0.00675276
3.685000   -0.00674461
3.690000   -0.00673167
3.695000   -0.00672061
3.700000   -0.00670531
3.705000   -0.00669298
3.710000   -0.00668179
3.715000   -0.009534
3.720000   -0.0066562
3.725000   -0.0066442
3.730000   -0.0066313
3.735000   -0.00661902
3.740000   -0.00660666
3.745000   -0.00659345
3.750000   -0.00658249
3.755000   -0.00656703
3.760000   -0.006554
3.765000   -0.00654274
3.775000   -0.00651299
3.780000   -0.00649898
3.785000   -0.00649122
3.790000   -0.00647227
3.795000   -0.00645998
3.800000   -0.00644665
3.805000   -0.00643146
3.810000   -0.00641827
3.815000   -0.00640123
3.820000   -0.0063851
3.825000   -0.00636716
3.830000   -0.006348
3.835000   -0.00633266
3.840000   -0.00631388
3.845000   -0.00629325
3.850000   -0.00627635
3.855000   -0.00625949
3.860000   -0.00624012
3.865000   -0.00622165
3.870000   -0.00620378
3.875000   -0.00618614
3.880000   -0.00616507
3.885000   -0.00614893
3.890000   -0.0061264
3.895000   -0.00610995
3.900000   -0.00609045
3.905000   -0.0060715
3.910000   -0.00605581
3.915000   -0.00603884
3.920000   -0.0060211
3.925000   -0.00600545
3.930000   -0.00599039
3.935000   -0.00596932
3.940000   -0.00595039
3.945000   -0.00593137
3.950000   -0.00590919
3.955000   -0.00589041
3.960000   -0.00586851
3.965000   -0.00584711
3.970000   -0.00582844
3.975000   -0.00580965
3.980000   -0.00579663
3.985000   -0.00577989
3.990000   -0.00576596
3.995000   -0.00575129
4.000000   -0.00573589
4.005000   -0.00571435
4.010000   -0.00569745
4.015000   -0.00568211
4.020000   -0.00565951
4.025000   -0.00563609
4.030000   -0.00561256
4.035000   -0.00558702
4.040000   -0.00556737
4.045000   -0.00554511
4.050000   -0.00552515
4.055000   -0.00550504
4.060000   -0.0054823
4.065000   -0.00545875
4.070000   -0.00543499
4.075000   -0.00541354
4.080000   -0.00538884
4.085000   -0.00536392
4.090000   -0.00533949
4.095000   -0.00531485
4.100000   -0.00529314
4.105000   -0.00527313
4.110000   -0.00525365
4.115000   -0.00523143
4.120000   -0.00521478
4.125000   -0.00519674
4.130000   -0.00518103
4.135000   -0.00516005
4.140000   -0.00513707
4.145000   -0.00511706
4.150000   -0.00509435
4.155000   -0.00506625
4.160000   -0.00504572
4.165000   -0.0050204
4.170000   -0.00499822
4.175000   -0.00497385
4.180000   -0.00495712
4.185000   -0.00493506
4.190000   -0.00491874
4.195000   -0.00489905
4.200000   -0.00488182
4.205000   -0.00485978
4.210000   -0.00484163
4.215000   -0.00481659
4.220000   -0.00479352
4.225000   -0.00476746
4.230000   -0.00474465
4.235000   -0.00472016
4.240000   -0.00469757
4.245000   -0.00467473
4.250000   -0.00465109
4.255000   -0.00462794
4.260000   -0.00460453
4.265000   -0.00458584
4.270000   -0.00455803
4.275000   -0.00453345
4.280000   -0.00450593
4.285000   -0.00448036
4.290000   -0.00445722
4.295000   -0.0044291
4.300000   -0.00440415
4.305000   -0.00437901
4.310000   -0.00435437
4.315000   -0.00433453
4.320000   -0.00431522
4.325000   -0.00429223
4.330000   -0.0042691
4.335000   -0.00425079
4.340000   -0.00422656
4.345000   -0.00420215
4.350000   -0.00418052
4.355000   -0.00415434
4.360000   -0.00412862
4.365000   -0.00410643
4.370000   -0.00408105
4.375000   -0.00406111
4.380000   -0.00403602
4.385000   -0.00401739
4.390000   -0.00399499
4.395000   -0.00397168
4.400000   -0.00689508
4.405000   -0.00393172
4.410000   -0.00391097
4.415000   -0.00388696
4.420000   -0.00386587
4.425000   -0.00383999
4.430000   -0.00381778
4.435000   -0.00379296
4.440000   -0.0037704
4.445000   -0.00374841
4.450000   -0.00372227
4.455000   -0.00369988
4.460000   -0.0036733
4.465000   -0.00316643
4.470000   -0.00362312
4.475000   -0.00359672
4.480000   -0.00357262
4.485000   -0.00354802
4.490000   -0.00352423
4.495000   -0.00349577
4.500000   -0.00347163
4.505000   -0.00344725
4.510000   -0.00341934
4.515000   -0.00339381
4.520000   -0.00337223
4.525000   -0.00334704
4.530000   -0.00332549
4.535000   -0.00330259
4.540000   -0.00327683
4.545000   -0.00325739
4.550000   -0.00323121
4.555000   -0.00321139
4.560000   -0.00318749
4.565000   -0.00316731
4.570000   -0.00314111
4.575000   -0.00312057
4.580000   -0.00309589
4.585000   -0.00307105
4.590000   -0.00304717
4.595000   -0.00302188
4.600000   -0.00300119
4.605000   -0.0029799
4.610000   -0.00295879
4.615000   -0.00293636
4.620000   -0.00291491
4.625000   -0.00289289
4.630000   -0.00287393
4.635000   -0.00285199
4.640000   -0.00282861
4.645000   -0.00280506
4.650000   -0.0027805
4.655000   -0.00275654
4.660000   -0.00273158
4.665000   -0.00270724
4.670000   -0.00268679
4.675000   -0.00265959
4.680000   -0.00263499
4.685000   -0.0026128
4.690000   -0.00258747
4.695000   -0.00256992
4.700000   -0.0025442
4.705000   -0.00251488
4.710000   -0.00248874
4.715000   -0.00246539
4.720000   -0.00243882
4.725000   -0.0154124
4.730000   -0.00238668
4.735000   -0.0023603
4.740000   -0.00234194
4.745000   -0.00231602
4.750000   -0.00229732
4.755000   -0.00227756
4.760000   -0.00225734
4.765000   -0.00223639
4.770000   -0.00221353
4.775000   -0.00219105
4.780000   -0.00216517
4.785000   -0.00214346
4.790000   -0.00211718
4.795000   -0.00209245
4.800000   -0.00207103
4.805000   -0.00204945
4.810000   -0.00202766
4.815000   -0.00200393
4.820000   -0.00198685
4.825000   -0.00196877
4.830000   -0.0019478
4.835000   -0.00193364
4.840000   -0.00191053
4.845000   -0.00189246
4.850000   -0.001869
4.855000   -0.00184898
4.860000   -0.00182582
4.865000   -0.00180545
4.870000   -0.00178308
4.875000   -0.00176216
4.880000   -0.00173499
4.885000   -0.00171831
4.890000   -0.00169964
4.895000   -0.0016782
4.900000   -0.00165359
4.905000   -0.00162709
4.910000   -0.00160206
4.915000   -0.00158078
4.920000   -0.00155083
4.925000   -0.00152899
4.930000   -0.00162517
4.935000   -0.00148686
4.940000   -0.0014627
4.945000   -0.00144206
4.950000   -0.00142412
4.955000   -0.00140783
4.960000   -0.00138862
4.965000   -0.00136634
4.970000   -0.0013419
4.975000   -0.00131922
4.980000   -0.00129343
4.985000   -0.00127038
4.990000   -0.00125107
4.995000   -0.00122764
5.000000   -0.00121295
5.005000   -0.00119014
5.010000   -0.00117215
5.015000   -0.0011619
5.020000   -0.00114353
5.025000   -0.00112803
5.030000   -0.00110833
5.035000   -0.00108847
5.040000   -0.0010715
5.045000   -0.00104016
5.050000   -0.00101978
5.055000   -0.000998258
5.060000   -0.000977515
5.065000   -0.000960777
5.070000   -0.000944889
5.075000   -0.000948584
5.080000   -0.000872023
5.085000   -0.000893194
5.090000   -0.000881942
5.095000   -0.000870576
5.100000   -0.000852797
5.105000   -0.000830634
5.110000   -0.000815732
5.115000   -0.000786849
5.120000   -0.000763085
5.125000   -0.000744489
5.130000   -0.000716032
5.135000   -0.00069598
5.140000   -0.000672524
5.145000   -0.000655383
5.150000   -0.000632646
5.155000   -0.000615229
5.160000   -0.000592133
5.165000   -0.000575503
5.170000   -0.000552046
5.175000   -0.000534
5.180000   -0.000510257
5.185000   -0.000491892
5.190000   -0.000473373
5.195000   -0.00046366
5.200000   -0.000450578
5.205000   -0.000436153
5.210000   -0.000421601
5.215000   -0.000407045
5.220000   -0.000392237
5.225000   -0.000377437
5.230000   -0.000361229
5.235000   -0.000342581
5.240000   -0.000321471
5.245000   -0.000299036
5.250000   -0.000271608
5.255000   -0.00025693
5.260000   -0.000236283
5.265000   -0.000222493
5.270000   -0.000208578
5.275000   -0.000194732
5.280000   -0.000185503
5.285000   -0.000177378
5.290000   -0.000162028
5.295000   -0.000151559
5.300000   -0.000131184
5.305000   -0.000114259
