0.000000   -3.75e-07
0.005000   -0.0230807
0.010000   -0.0200775
0.015000   -0.013337
0.020000   -0.00550726
0.025000   0.00507624
0.030000   0.0167652
0.035000   0.0285452
0.040000   0.0399717
0.045000   0.0506709
0.050000   0.0603001
0.055000   0.0687061
0.060000   0.0756216
0.065000   0.0816589
0.070000   0.0869211
0.075000   0.0914746
0.080000   0.095617
0.085000   0.0995991
0.090000   0.103465
0.095000   0.107414
0.100000   0.111407
0.105000   0.115436
0.110000   0.11949
0.115000   0.123489
0.120000   0.127395
0.125000   0.131217
0.130000   0.134918
0.135000   0.138572
0.140000   0.142214
0.145000   0.14591
0.150000   0.149668
0.155000   0.153574
0.160000   0.157626
0.165000   0.161797
0.170000   0.166049
0.175000   0.170383
0.180000   0.174699
0.185000   0.178962
0.190000   0.18312
0.195000   0.18718
0.200000   0.191106
0.205000   0.194921
0.210000   0.198647
0.215000   0.202285
0.220000   0.205888
0.225000   0.209451
0.230000   0.212987
0.235000   0.216484
0.240000   0.219941
0.245000   0.223359
0.250000   0.226681
0.255000   0.229944
0.260000   0.233098
0.265000   0.23616
0.270000   0.239142
0.275000   0.242037
0.280000   0.244846
0.285000   0.247618
0.290000   0.250319
0.295000   0.252989
0.300000   0.255597
0.305000   0.258163
0.310000   0.260663
0.315000   0.263102
0.320000   0.265455
0.325000   0.267737
0.330000   0.269935
0.335000   0.272066
0.340000   0.274103
0.345000   0.276091
0.350000   0.280043
0.355000   0.2819
0.360000   0.283696
0.365000   0.283393
0.370000   0.285066
0.375000   0.286672
0.380000   0.288212
0.385000   0.289675
0.390000   0.291052
0.395000   0.292353
0.400000   0.293582
0.405000   0.29473
0.410000   0.295814
0.415000   0.296829
0.420000   0.297778
0.425000   0.298673
0.430000   0.299493
0.435000   0.300259
0.440000   0.300952
0.445000   0.301579
0.450000   0.302127
0.455000   0.302608
0.460000   0.303021
0.465000   0.303355
0.470000   0.303634
0.475000   0.303849
0.480000   0.303997
0.485000   0.304081
0.490000   0.304124
0.495000   0.304094
0.500000   0.304018
0.505000   0.303881
0.510000   0.303686
0.515000   0.303418
0.520000   0.303098
0.525000   0.302717
0.530000   0.302281
0.535000   0.301795
0.540000   0.301254
0.545000   0.300666
0.550000   0.300029
0.555000   0.299345
0.560000   0.298618
0.565000   0.297841
0.570000   0.297017
0.575000   0.296148
0.580000   0.295232
0.585000   0.294268
0.590000   0.293267
0.595000   0.29222
0.600000   0.291128
0.605000   0.290004
0.610000   0.288849
0.615000   0.287651
0.620000   0.286425
0.625000   0.285173
0.630000   0.283875
0.635000   0.282551
0.640000   0.281198
0.645000   0.279803
0.650000   0.278386
0.655000   0.276939
0.660000   0.275467
0.665000   0.273968
0.670000   0.272446
0.675000   0.270901
0.680000   0.269337
0.685000   0.267747
0.690000   0.26614
0.695000   0.264511
0.700000   0.262866
0.705000   0.261204
0.710000   0.25952
0.715000   0.257821
0.720000   0.256102
0.725000   0.254372
0.730000   0.252629
0.735000   0.25087
0.740000   0.249103
0.745000   0.247332
0.750000   0.245543
0.755000   0.243752
0.760000   0.241943
0.765000   0.240136
0.770000   0.238312
0.775000   0.236482
0.780000   0.234647
0.785000   0.232806
0.790000   0.23096
0.795000   0.229113
0.800000   0.227258
0.805000   0.225407
0.810000   0.223553
0.815000   0.221692
0.820000   0.219839
0.825000   0.217978
0.830000   0.216119
0.835000   0.214261
0.840000   0.212405
0.845000   0.210546
0.850000   0.20869
0.855000   0.206832
0.860000   0.204988
0.865000   0.203145
0.870000   0.201301
0.875000   0.199466
0.880000   0.197634
0.885000   0.195807
0.890000   0.193985
0.895000   0.19217
0.900000   0.190359
0.905000   0.188555
0.910000   0.186754
0.915000   0.18496
0.920000   0.183177
0.925000   0.181403
0.930000   0.179631
0.935000   0.177874
0.940000   0.176124
0.945000   0.174386
0.950000   0.17265
0.955000   0.170926
0.960000   0.169212
0.965000   0.167505
0.970000   0.165805
0.975000   0.164121
0.980000   0.162443
0.985000   0.160777
0.990000   0.159121
0.995000   0.157475
1.000000   0.155839
1.005000   0.154218
1.010000   0.152609
1.015000   0.151008
1.020000   0.149414
1.025000   0.147834
1.030000   0.14627
1.035000   0.144711
1.040000   0.143164
1.045000   0.141632
1.050000   0.140108
1.055000   0.138598
1.060000   0.137098
1.065000   0.135616
1.070000   0.134138
1.075000   0.132677
1.080000   0.131227
1.085000   0.129787
1.090000   0.12836
1.095000   0.126942
1.100000   0.125537
1.105000   0.124145
1.110000   0.122765
1.115000   0.121395
1.120000   0.12004
1.125000   0.118695
1.130000   0.117366
1.135000   0.116045
1.140000   0.114737
1.145000   0.113438
1.150000   0.112154
1.155000   0.11088
1.160000   0.109617
1.165000   0.108365
1.170000   0.107127
1.175000   0.1059
1.180000   0.104681
1.185000   0.103477
1.190000   0.102283
1.195000   0.101101
1.200000   0.0999293
1.205000   0.0987694
1.210000   0.0976196
1.215000   0.0964837
1.220000   0.0953544
1.225000   0.0942384
1.230000   0.0931313
1.235000   0.0920363
1.240000   0.0909545
1.245000   0.0898809
1.250000   0.0888188
1.255000   0.0877658
1.260000   0.0867235
1.265000   0.0856951
1.270000   0.0846742
1.275000   0.0836632
1.280000   0.0826622
1.285000   0.0816697
1.290000   0.0806887
1.295000   0.0797148
1.300000   0.078756
1.305000   0.0778045
1.310000   0.0768638
1.315000   0.0759299
1.320000   0.0750078
1.325000   0.074094
1.330000   0.0731891
1.335000   0.0722968
1.340000   0.0714101
1.345000   0.0705336
1.350000   0.0696639
1.355000   0.0688062
1.360000   0.0679565
1.365000   0.0671143
1.370000   0.066285
1.375000   0.0654626
1.380000   0.0646484
1.385000   0.0638445
1.390000   0.0630479
1.395000   0.0622575
1.400000   0.0614796
1.405000   0.0607053
1.410000   0.0599427
1.415000   0.0591865
1.420000   0.0584365
1.425000   0.057699
1.430000   0.0569657
1.435000   0.0562423
1.440000   0.0555254
1.445000   0.0548186
1.450000   0.0541187
1.455000   0.0534259
1.460000   0.0527427
1.465000   0.0520666
1.470000   0.0513974
1.475000   0.0507335
1.480000   0.0500767
1.485000   0.0494288
1.490000   0.0487883
1.495000   0.0481532
1.500000   0.0475264
1.505000   0.0469046
1.510000   0.0462894
1.515000   0.0456826
1.520000   0.0450829
1.525000   0.0444896
1.530000   0.0439027
1.535000   0.0433217
1.540000   0.0427493
1.545000   0.0421842
1.550000   0.0416236
1.555000   0.041071
1.560000   0.0405224
1.565000   0.0399826
1.570000   0.0394465
1.575000   0.0389174
1.580000   0.0383946
1.585000   0.0378732
1.590000   0.0373624
1.595000   0.0368547
1.600000   0.0363523
1.605000   0.0358559
1.610000   0.0353652
1.615000   0.0348822
1.620000   0.0344045
1.625000   0.0339324
1.630000   0.0334661
1.635000   0.0330043
1.640000   0.0325488
1.645000   0.0320972
1.650000   0.0316526
1.655000   0.0312128
1.660000   0.0307765
1.665000   0.0303462
1.670000   0.0299178
1.675000   0.0294983
1.680000   0.0290818
1.685000   0.028667
1.690000   0.0282574
1.695000   0.0278554
1.700000   0.0274553
1.705000   0.0270613
1.710000   0.0266678
1.715000   0.0262834
1.720000   0.0259046
1.725000   0.0255294
1.730000   0.0251614
1.735000   0.0247944
1.740000   0.0244336
1.745000   0.0240774
1.750000   0.0237226
1.755000   0.0233731
1.760000   0.0230282
1.765000   0.0226829
1.770000   0.0223452
1.775000   0.0220073
1.780000   0.021674
1.785000   0.0213441
1.790000   0.0210199
1.795000   0.0206976
1.800000   0.0203798
1.805000   0.0200664
1.810000   0.0197594
1.815000   0.0194558
1.820000   0.0191565
1.825000   0.01886
1.830000   0.0185694
1.835000   0.0182792
1.840000   0.0179933
1.845000   0.0177119
1.850000   0.0174291
1.855000   0.0171519
1.860000   0.0168743
1.865000   0.0166026
1.870000   0.0163318
1.875000   0.0160631
1.880000   0.0158
1.885000   0.0155384
1.890000   0.0152826
1.895000   0.0150283
1.900000   0.0147777
1.905000   0.0145309
1.910000   0.0142867
1.915000   0.0140488
1.920000   0.0138111
1.925000   0.013575
1.930000   0.0133443
1.935000   0.0131141
1.940000   0.0128883
1.945000   0.012662
1.950000   0.0124416
1.955000   0.0122218
1.960000   0.0120028
1.965000   0.0117877
1.970000   0.0115746
1.975000   0.0113629
1.980000   0.0111549
1.985000   0.0109476
1.990000   0.0107423
1.995000   0.0105419
2.000000   0.0103451
2.005000   0.0101503
2.010000   0.00995625
2.015000   0.00976864
2.020000   0.00958284
2.025000   0.00940298
2.030000   0.00922165
2.035000   0.00904031
2.040000   0.00886203
2.045000   0.00868872
2.050000   0.00850665
2.055000   0.00833414
2.060000   0.00816189
2.065000   0.00799231
2.070000   0.0078231
2.075000   0.00765556
2.080000   0.00749152
2.085000   0.00732916
2.090000   0.00716801
2.095000   0.00701089
2.100000   0.00685392
2.105000   0.00670418
2.110000   0.00655188
2.115000   0.00640353
2.120000   0.00625865
2.125000   0.00611351
2.130000   0.00597089
2.135000   0.00582981
2.140000   0.00568993
2.145000   0.00555256
2.150000   0.00541676
2.155000   0.00528023
2.160000   0.00514526
2.165000   0.00501413
2.170000   0.00488226
2.175000   0.00475338
2.180000   0.00462553
2.185000   0.00450006
2.190000   0.00437393
2.195000   0.00425199
2.200000   0.00413024
2.205000   0.00401133
2.210000   0.00389304
2.215000   0.00377668
2.220000   0.00366186
2.225000   0.00355023
2.230000   0.00343791
2.235000   0.00332927
2.240000   0.00322305
2.245000   0.00311734
2.250000   0.00301177
2.255000   0.00290944
2.260000   0.00280544
2.265000   0.00270469
2.270000   0.00260178
2.275000   0.00250346
2.280000   0.0024021
2.285000   0.00230398
2.290000   0.00220636
2.295000   0.00211108
2.300000   0.00201588
2.305000   0.00192566
2.310000   0.00183418
2.315000   0.00174411
2.320000   0.00165856
2.325000   0.00157264
2.330000   0.00148674
2.335000   0.00140541
2.340000   0.00132188
2.345000   0.0012402
2.350000   0.00115767
2.355000   0.00107654
2.360000   0.00099765
2.365000   0.000921485
2.370000   0.000843133
2.375000   0.000767493
2.380000   0.000694555
2.385000   0.00062164
2.390000   0.000548795
2.395000   0.000474618
2.400000   0.000404018
2.405000   0.000333452
2.410000   0.00026246
2.415000   0.000195041
2.420000   0.000124104
2.425000   5.76011e-05
2.430000   -6.19875e-06
2.435000   -7.1335e-05
2.440000   -0.000133792
2.445000   -0.000191815
2.450000   -0.000252039
2.455000   -0.000310928
2.460000   -0.000368926
2.465000   -0.000426916
2.470000   -0.000483565
2.475000   -0.000541569
2.480000   -0.000598218
2.485000   -0.000654
2.490000   -0.000709324
2.495000   -0.000765559
2.500000   -0.000820458
2.505000   -0.000871825
2.510000   -0.000924075
2.515000   -0.000974125
2.520000   -0.00102419
2.525000   -0.00107293
2.530000   -0.00112082
2.535000   -0.00117003
2.540000   -0.00121616
2.545000   -0.00126097
2.550000   -0.00130935
2.555000   -0.00135333
2.560000   -0.00139686
2.565000   -0.00143952
2.570000   -0.00148178
2.575000   -0.00152182
2.580000   -0.00156279
2.585000   -0.00160112
2.590000   -0.00164168
2.595000   -0.00168006
2.600000   -0.00171978
2.605000   -0.0017582
2.610000   -0.00179664
2.615000   -0.00183513
2.620000   -0.00187362
2.625000   -0.00190951
2.630000   -0.00194671
2.635000   -0.00198043
2.640000   -0.0020137
2.645000   -0.00204836
2.650000   -0.00208173
2.655000   -0.00211288
2.660000   -0.00214318
2.665000   -0.00217351
2.670000   -0.00220255
2.675000   -0.00223204
2.680000   -0.00226248
2.685000   -0.00229071
2.690000   -0.00231897
2.695000   -0.00234685
2.700000   -0.00237474
2.705000   -0.00240222
2.710000   -0.00242751
2.715000   -0.00245373
2.720000   -0.00247862
2.725000   -0.00250358
2.730000   -0.00252854
2.735000   -0.00255357
2.740000   -0.00257862
2.745000   -0.00260149
2.750000   -0.00262795
2.755000   -0.00265089
2.760000   -0.0026716
2.765000   -0.00269462
2.770000   -0.00271273
2.775000   -0.00273446
2.780000   -0.00275352
2.785000   -0.00277176
2.790000   -0.0027909
2.795000   -0.00280695
2.800000   -0.00282484
2.805000   -0.00284544
2.810000   -0.00286249
2.815000   -0.00287958
2.820000   -0.00289535
2.825000   -0.00291341
2.830000   -0.0029324
2.835000   -0.00294784
2.840000   -0.00296195
2.845000   -0.00297835
2.850000   -0.00299119
2.855000   -0.00300632
2.860000   -0.00301923
2.865000   -0.00303577
2.870000   -0.00304875
2.875000   -0.00306311
2.880000   -0.00307434
2.885000   -0.00308744
2.890000   -0.00309965
2.895000   -0.00311054
2.900000   -0.00312009
2.905000   -0.00312966
2.910000   -0.0031393
2.915000   -0.00314985
2.920000   -0.00315681
2.925000   -0.00316744
2.930000   -0.00317537
2.935000   -0.00318468
2.940000   -0.00319405
2.945000   -0.00320436
2.950000   -0.00321379
2.955000   -0.0032205
2.960000   -0.0032309
2.965000   -0.0032386
2.970000   -0.00324632
2.975000   -0.00325271
2.980000   -0.00325912
2.985000   -0.00326327
2.990000   -0.00326974
2.995000   -0.00327623
3.000000   -0.00328094
3.005000   -0.0032875
3.010000   -0.00329086
3.015000   -0.00329656
3.020000   -0.00329997
3.025000   -0.00330295
3.030000   -0.00330734
3.035000   -0.00331039
3.040000   -0.00331344
3.045000   -0.00331605
3.050000   -0.00331779
3.055000   -0.00332044
3.060000   -0.00332175
3.065000   -0.00332354
3.070000   -0.00332626
3.075000   -0.00332903
3.080000   -0.00333042
3.085000   -0.00333557
3.090000   -0.00333701
3.095000   -0.00333706
3.100000   -0.00334043
3.105000   -0.00333913
3.110000   -0.00333784
3.115000   -0.00333986
3.120000   -0.00333954
3.125000   -0.00333598
3.130000   -0.0033371
3.135000   -0.00333591
3.140000   -0.00333475
3.145000   -0.00333358
3.150000   -0.0033315
3.155000   -0.00333132
3.160000   -0.00332878
3.165000   -0.00332959
3.170000   -0.00332567
3.175000   -0.00332508
3.180000   -0.0033231
3.185000   -0.00332111
3.190000   -0.00331915
3.195000   -0.00331719
3.200000   -0.00331289
3.205000   -0.00331096
3.210000   -0.00331048
3.215000   -0.00330524
3.220000   -0.00330479
3.225000   -0.00329958
3.230000   -0.00329531
3.235000   -0.00329011
3.240000   -0.00328685
3.245000   -0.00328116
3.250000   -0.00327551
3.255000   -0.00326985
3.260000   -0.00326757
3.265000   -0.00326146
3.270000   -0.00325677
3.275000   -0.00325211
3.280000   -0.00324696
3.285000   -0.00324422
3.290000   -0.0032391
3.295000   -0.00323253
3.300000   -0.00322934
3.305000   -0.00322422
3.310000   -0.00321765
3.315000   -0.00321107
3.320000   -0.00320451
3.325000   -0.00319795
3.330000   -0.00319283
3.335000   -0.00318528
3.340000   -0.00318017
3.345000   -0.0031746
3.350000   -0.00317049
3.355000   -0.00316246
3.360000   -0.00315441
3.365000   -0.00314734
3.370000   -0.00314125
3.375000   -0.0031342
3.380000   -0.00312615
3.385000   -0.00311907
3.390000   -0.00311347
3.395000   -0.00310441
3.400000   -0.00309783
3.405000   -0.00309076
3.410000   -0.00308417
3.415000   -0.00307607
3.420000   -0.00306747
3.425000   -0.00306037
3.430000   -0.00305377
3.435000   -0.00304466
3.440000   -0.00303802
3.445000   -0.0030284
3.450000   -0.00302025
3.455000   -0.00301311
3.460000   -0.00300648
3.465000   -0.00299831
3.470000   -0.00299267
3.475000   -0.00298348
3.480000   -0.00297325
3.485000   -0.00296405
3.490000   -0.00295482
3.495000   -0.00294556
3.500000   -0.00293375
3.505000   -0.00292039
3.510000   -0.00291111
3.515000   -0.00290281
3.520000   -0.00289299
3.525000   -0.00288315
3.530000   -0.0028774
3.535000   -0.00286753
3.540000   -0.00286023
3.545000   -0.00285394
3.550000   -0.00284507
3.555000   -0.00283981
3.560000   -0.0028309
3.565000   -0.00282199
3.570000   -0.00281409
3.575000   -0.00280149
3.580000   -0.00279254
3.585000   -0.0027825
3.590000   -0.00277142
3.595000   -0.00276028
3.600000   -0.00275126
3.605000   -0.0027401
3.610000   -0.00272997
3.615000   -0.00272086
3.620000   -0.00271018
3.625000   -0.00269892
3.630000   -0.00268763
3.635000   -0.00268007
3.640000   -0.00266822
3.645000   -0.0026606
3.650000   -0.00264762
3.655000   -0.00263997
3.660000   -0.00262855
3.665000   -0.0026198
3.670000   -0.00260726
3.675000   -0.00259737
3.680000   -0.00258747
3.685000   -0.00257756
3.690000   -0.00256489
3.695000   -0.00255222
3.700000   -0.00254222
3.705000   -0.00253164
3.710000   -0.00252268
3.715000   -0.00537684
3.720000   -0.00249978
3.725000   -0.00249182
3.730000   -0.00248113
3.735000   -0.00247314
3.740000   -0.00246514
3.745000   -0.00245436
3.750000   -0.00244467
3.755000   -0.00243384
3.760000   -0.00242186
3.765000   -0.00241208
3.770000   -0.00240121
3.775000   -0.00239023
3.780000   -0.00237925
3.785000   -0.00236545
3.790000   -0.00235553
3.795000   -0.00234445
3.800000   -0.00233277
3.805000   -0.00232277
3.810000   -0.00231273
3.815000   -0.00229927
3.820000   -0.0022903
3.825000   -0.00227789
3.830000   -0.00226603
3.835000   -0.0022564
3.840000   -0.0022473
3.845000   -0.00223477
3.850000   -0.00222563
3.855000   -0.00221358
3.860000   -0.00220436
3.865000   -0.00219054
3.870000   -0.00217955
3.875000   -0.00217023
3.880000   -0.00215628
3.885000   -0.00214518
3.890000   -0.00213171
3.895000   -0.00212054
3.900000   -0.00210642
3.905000   -0.00209515
3.910000   -0.00208852
3.915000   -0.0020772
3.920000   -0.00206701
3.925000   -0.00205679
3.930000   -0.00204948
3.935000   -0.00203624
3.940000   -0.00202709
3.945000   -0.00201791
3.950000   -0.00200574
3.955000   -0.00199531
3.960000   -0.00198188
3.965000   -0.00197136
3.970000   -0.00195963
3.975000   -0.00194785
3.980000   -0.00193784
3.985000   -0.00192597
3.990000   -0.00191708
3.995000   -0.00190513
4.000000   -0.00189435
4.005000   -0.00188172
4.010000   -0.00187329
4.015000   -0.00186179
4.020000   -0.00185026
4.025000   -0.00183989
4.030000   -0.00182949
4.035000   -0.00181783
4.040000   -0.00180795
4.045000   -0.00179805
4.050000   -0.00178811
4.055000   -0.00177813
4.060000   -0.00176811
4.065000   -0.00175496
4.070000   -0.00174177
4.075000   -0.00172851
4.080000   -0.00171645
4.085000   -0.00170434
4.090000   -0.00169093
4.095000   -0.00167748
4.100000   -0.00166711
4.105000   -0.00165481
4.110000   -0.00164435
4.115000   -0.00163386
4.120000   -0.0016265
4.125000   -0.00161719
4.130000   -0.00160912
4.135000   -0.00159974
4.140000   -0.00158969
4.145000   -0.00157959
4.150000   -0.00157266
4.155000   -0.00156121
4.160000   -0.001551
4.165000   -0.00154267
4.170000   -0.00153304
4.175000   -0.00152206
4.180000   -0.00151233
4.185000   -0.00150125
4.190000   -0.00149339
4.195000   -0.00148224
4.200000   -0.00147103
4.205000   -0.00145584
4.210000   -0.00144585
4.215000   -0.00143383
4.220000   -0.00142308
4.225000   -0.00141228
4.230000   -0.00140012
4.235000   -0.00138723
4.240000   -0.00137829
4.245000   -0.00136932
4.250000   -0.00136163
4.255000   -0.00135259
4.260000   -0.00134348
4.265000   -0.00133234
4.270000   -0.00132112
4.275000   -0.00131325
4.280000   -0.0013006
4.285000   -0.00128924
4.290000   -0.0012792
4.295000   -0.00126639
4.300000   -0.00125692
4.305000   -0.00124743
4.310000   -0.00123651
4.315000   -0.00122349
4.320000   -0.0012173
4.325000   -0.00120762
4.330000   -0.00119791
4.335000   -0.00118606
4.340000   -0.00117765
4.345000   -0.00116919
4.350000   -0.00116069
4.355000   -0.00114653
4.360000   -0.00113935
4.365000   -0.00113072
4.370000   -0.00112205
4.375000   -0.00111477
4.380000   -0.0011046
4.385000   -0.00109794
4.390000   -0.00108769
4.395000   -0.00107881
4.400000   -0.00401031
4.405000   -0.0010595
4.410000   -0.00105048
4.415000   -0.00104144
4.420000   -0.00103234
4.425000   -0.00101738
4.430000   -0.00100965
4.435000   -0.0010004
4.440000   -0.000992588
4.445000   -0.000983258
4.450000   -0.000975354
4.455000   -0.000965941
4.460000   -0.000957955
4.470000   -0.000936672
4.475000   -0.000927068
4.480000   -0.000918905
4.485000   -0.00090696
4.490000   -0.000897202
4.495000   -0.000885142
4.500000   -0.000875279
4.505000   -0.000865375
4.510000   -0.000855415
4.515000   -0.00084692
4.520000   -0.000836867
4.525000   -0.000826758
4.530000   -0.000820418
4.535000   -0.000811755
4.540000   -0.000801505
4.545000   -0.000796591
4.550000   -0.000786249
4.555000   -0.000781282
4.560000   -0.000772392
4.565000   -0.000767354
4.570000   -0.000757604
4.575000   -0.000752504
4.580000   -0.000743455
4.585000   -0.000734347
4.590000   -0.000727556
4.595000   -0.000718369
4.600000   -0.000711513
4.605000   -0.000700639
4.610000   -0.000693687
4.615000   -0.000684307
4.620000   -0.000677277
4.625000   -0.000666198
4.630000   -0.00066069
4.635000   -0.000653543
4.640000   -0.000643927
4.645000   -0.000634255
4.650000   -0.000626159
4.655000   -0.00061639
4.660000   -0.00060821
4.665000   -0.00059833
4.670000   -0.000592522
4.675000   -0.000585034
4.680000   -0.000579154
4.685000   -0.00057075
4.690000   -0.000560634
4.695000   -0.000554638
4.700000   -0.000544425
4.705000   -0.000538354
4.710000   -0.000528041
4.715000   -0.000519351
4.720000   -0.000508931
4.725000   0.0125019
4.730000   -0.000494706
4.735000   -0.000482421
4.740000   -0.00047434
4.745000   -0.000470503
4.750000   -0.00046234
4.755000   -0.000455857
4.760000   -0.000445017
4.765000   -0.000440186
4.770000   -0.000436191
4.775000   -0.000428688
4.780000   -0.000419393
4.785000   -0.00041443
4.790000   -0.000405042
4.795000   -0.000402646
4.800000   -0.000395825
4.805000   -0.000388956
4.810000   -0.000382053
4.815000   -0.000376001
4.820000   -0.000367237
4.825000   -0.000360209
4.830000   -0.000355831
4.835000   -0.000348736
4.840000   -0.00033708
4.845000   -0.000334406
4.850000   -0.000322636
4.855000   -0.00031718
4.860000   -0.000309861
4.865000   -0.000304333
4.870000   -0.000299686
4.875000   -0.000289483
4.880000   -0.000284776
4.885000   -0.000279106
4.890000   -0.00027433
4.895000   -0.000268595
4.900000   -0.000260965
4.905000   -0.000250458
4.910000   -0.000242725
4.915000   -0.000234938
4.920000   -0.000227112
4.925000   -0.000214487
4.930000   3.23625e-05
4.935000   -0.000201426
4.940000   -0.000194366
4.945000   -0.00018917
4.950000   -0.000181064
4.955000   -0.000175801
4.960000   -0.000169544
4.965000   -0.000166157
4.970000   -0.000154955
4.975000   -0.00015151
4.980000   -0.000142156
4.985000   -0.000138646
4.990000   -0.000130182
4.995000   -0.000126621
5.000000   -0.000123029
5.005000   -0.000117433
5.010000   -0.000116782
5.015000   -0.000113134
5.020000   -0.000107452
5.025000   -9.87086e-05
5.030000   -9.49674e-05
5.035000   -9.1205e-05
5.040000   -8.43675e-05
5.045000   -7.74863e-05
5.050000   -7.36326e-05
5.055000   -6.4626e-05
5.060000   -6.07049e-05
5.065000   -4.12839e-05
5.070000   -2.69169e-05
5.075000   1.14234e-05
5.080000   -0.000105203
5.085000   -3.13466e-05
5.090000   -1.99141e-05
5.095000   -1.57696e-05
5.100000   -1.37089e-05
5.105000   -4.23063e-06
5.110000   1.06163e-06
5.115000   8.51525e-06
5.120000   1.06775e-05
5.125000   1.28534e-05
5.130000   1.71902e-05
5.135000   2.47894e-05
5.140000   2.91925e-05
5.145000   3.03691e-05
5.150000   3.69941e-05
5.155000   4.36606e-05
5.160000   5.03678e-05
5.165000   5.93145e-05
5.170000   6.61116e-05
5.175000   7.29545e-05
5.180000   8.53854e-05
5.185000   9.23328e-05
5.190000   9.93226e-05
5.195000   0.000104121
5.200000   0.000111188
5.205000   0.00011042
5.210000   0.000109644
5.215000   0.000114535
5.220000   0.000113764
5.225000   0.000118697
5.230000   0.000115646
5.235000   0.000121762
5.240000   0.000126767
5.245000   0.000129492
5.250000   0.000134551
5.255000   0.000136153
5.260000   0.000143603
5.265000   0.000147586
5.270000   0.000151595
5.275000   0.000161522
5.280000   0.000163234
5.285000   0.000167331
5.290000   0.000175025
5.295000   0.000180382
