0.005000   0.070163
0.010000   0.07313
0.015000   0.0771213
0.020000   0.0816357
0.025000   0.0874167
0.030000   0.093274
0.035000   0.0988807
0.040000   0.103813
0.045000   0.10791
0.050000   0.110948
0.055000   0.113012
0.060000   0.114127
0.065000   0.114711
0.070000   0.114957
0.075000   0.115108
0.080000   0.115397
0.085000   0.115992
0.090000   0.117006
0.095000   0.118447
0.100000   0.120236
0.105000   0.122283
0.110000   0.124465
0.115000   0.126618
0.120000   0.128628
0.125000   0.130438
0.130000   0.131988
0.135000   0.133279
0.140000   0.134364
0.145000   0.135286
0.150000   0.136116
0.155000   0.136915
0.160000   0.137716
0.165000   0.138544
0.170000   0.139399
0.175000   0.140266
0.180000   0.141106
0.185000   0.141887
0.190000   0.142569
0.195000   0.143152
0.200000   0.143622
0.205000   0.14397
0.210000   0.144227
0.215000   0.14439
0.220000   0.144498
0.225000   0.144559
0.230000   0.144585
0.235000   0.14457
0.240000   0.144508
0.245000   0.144397
0.250000   0.144211
0.255000   0.143941
0.260000   0.143589
0.265000   0.143141
0.270000   0.142602
0.275000   0.141988
0.280000   0.141297
0.285000   0.140544
0.290000   0.139737
0.295000   0.138882
0.300000   0.137973
0.305000   0.137015
0.310000   0.136002
0.315000   0.134924
0.320000   0.133779
0.325000   0.132567
0.330000   0.13129
0.335000   0.129947
0.340000   0.128544
0.345000   0.127088
0.350000   0.126268
0.355000   0.124727
0.360000   0.123149
0.365000   0.120854
0.370000   0.119202
0.375000   0.117511
0.380000   0.115779
0.385000   0.114004
0.390000   0.112191
0.395000   0.110336
0.400000   0.108447
0.405000   0.106523
0.410000   0.104575
0.415000   0.102604
0.420000   0.100611
0.425000   0.0986023
0.430000   0.09658
0.435000   0.0945417
0.440000   0.0924827
0.445000   0.0904113
0.450000   0.0883197
0.455000   0.0862167
0.460000   0.0840953
0.465000   0.0819667
0.470000   0.0798273
0.475000   0.0776843
0.480000   0.075543
0.485000   0.0733967
0.490000   0.0712573
0.495000   0.0691193
0.500000   0.066983
0.505000   0.064851
0.510000   0.0627237
0.515000   0.060599
0.520000   0.0584737
0.525000   0.056356
0.530000   0.0542473
0.535000   0.052147
0.540000   0.0500577
0.545000   0.0479863
0.550000   0.0459273
0.555000   0.043885
0.560000   0.041859
0.565000   0.0398467
0.570000   0.0378537
0.575000   0.0358757
0.580000   0.0339133
0.585000   0.031965
0.590000   0.0300373
0.595000   0.0281287
0.600000   0.0262397
0.605000   0.0243737
0.610000   0.022531
0.615000   0.0207107
0.620000   0.0189177
0.625000   0.0171457
0.630000   0.015399
0.635000   0.0136737
0.640000   0.011973
0.645000   0.010293
0.650000   0.00863733
0.655000   0.007008
0.660000   0.00540133
0.665000   0.003821
0.670000   0.00226633
0.675000   0.000741
0.680000   -0.000758533
0.685000   -0.00222973
0.690000   -0.00367687
0.695000   -0.00509597
0.700000   -0.00649047
0.705000   -0.0078605
0.710000   -0.0092045
0.715000   -0.0105236
0.720000   -0.0118166
0.725000   -0.0130827
0.730000   -0.0143238
0.735000   -0.0155375
0.740000   -0.0167252
0.745000   -0.017884
0.750000   -0.0190186
0.755000   -0.0201288
0.760000   -0.0212111
0.765000   -0.0222724
0.770000   -0.0233079
0.775000   -0.0243218
0.780000   -0.0253106
0.785000   -0.0262739
0.790000   -0.0272156
0.795000   -0.0281305
0.800000   -0.0290237
0.805000   -0.0298906
0.810000   -0.0307352
0.815000   -0.0315569
0.820000   -0.0323562
0.825000   -0.033134
0.830000   -0.0338907
0.835000   -0.034626
0.840000   -0.0353404
0.845000   -0.036035
0.850000   -0.0367066
0.855000   -0.0373597
0.860000   -0.037991
0.865000   -0.0386025
0.870000   -0.0391938
0.875000   -0.0397636
0.880000   -0.0403163
0.885000   -0.04085
0.890000   -0.0413634
0.895000   -0.0418617
0.900000   -0.042341
0.905000   -0.0428043
0.910000   -0.0432494
0.915000   -0.0436769
0.920000   -0.0440877
0.925000   -0.0444808
0.930000   -0.0448578
0.935000   -0.0452181
0.940000   -0.0455615
0.945000   -0.04589
0.950000   -0.0462035
0.955000   -0.0465031
0.960000   -0.0467817
0.965000   -0.0470584
0.970000   -0.0473145
0.975000   -0.0475563
0.980000   -0.0477849
0.985000   -0.0479984
0.990000   -0.0481998
0.995000   -0.0483877
1.000000   -0.0485613
1.005000   -0.0487241
1.010000   -0.0488728
1.015000   -0.0490105
1.020000   -0.0491384
1.025000   -0.0492529
1.030000   -0.0493567
1.035000   -0.0494505
1.040000   -0.0495322
1.045000   -0.0496035
1.050000   -0.0496639
1.055000   -0.0497142
1.060000   -0.0497539
1.065000   -0.0497836
1.070000   -0.0498046
1.075000   -0.0498156
1.080000   -0.049817
1.085000   -0.0498113
1.090000   -0.0497967
1.095000   -0.049774
1.100000   -0.049743
1.105000   -0.0497034
1.110000   -0.0496559
1.115000   -0.0495996
1.120000   -0.0495359
1.125000   -0.0494652
1.130000   -0.0493867
1.135000   -0.049302
1.140000   -0.0492095
1.145000   -0.0491119
1.150000   -0.0490084
1.155000   -0.0488973
1.160000   -0.0487813
1.165000   -0.0486595
1.170000   -0.0485312
1.175000   -0.048398
1.180000   -0.0482581
1.185000   -0.0481128
1.190000   -0.0479619
1.195000   -0.0478086
1.200000   -0.0476476
1.205000   -0.0474828
1.210000   -0.0473145
1.215000   -0.0471411
1.220000   -0.0469644
1.225000   -0.046783
1.230000   -0.0465985
1.235000   -0.0464097
1.240000   -0.0462158
1.245000   -0.0460188
1.250000   -0.0458182
1.255000   -0.0456141
1.260000   -0.0454073
1.265000   -0.0451961
1.270000   -0.0449831
1.275000   -0.044768
1.280000   -0.0445492
1.285000   -0.0443286
1.290000   -0.0441045
1.295000   -0.0438787
1.300000   -0.0436495
1.305000   -0.0434189
1.310000   -0.0431849
1.315000   -0.0429497
1.320000   -0.0427108
1.325000   -0.042471
1.330000   -0.042229
1.335000   -0.0419858
1.340000   -0.0417417
1.345000   -0.041495
1.350000   -0.0412481
1.355000   -0.0409978
1.360000   -0.040748
1.365000   -0.0404957
1.370000   -0.0402416
1.375000   -0.0399868
1.380000   -0.0397315
1.385000   -0.039473
1.390000   -0.0392147
1.395000   -0.0389569
1.400000   -0.0386969
1.405000   -0.0384364
1.410000   -0.038175
1.415000   -0.0379134
1.420000   -0.0376502
1.425000   -0.0373868
1.430000   -0.0371229
1.435000   -0.0368573
1.440000   -0.0365916
1.445000   -0.0363261
1.450000   -0.0360608
1.455000   -0.0357946
1.460000   -0.0355285
1.465000   -0.0352624
1.470000   -0.0349956
1.475000   -0.03473
1.480000   -0.0344624
1.485000   -0.0341953
1.490000   -0.0339285
1.495000   -0.0336611
1.500000   -0.0333924
1.505000   -0.0331241
1.510000   -0.0328564
1.515000   -0.03259
1.520000   -0.0323219
1.525000   -0.032055
1.530000   -0.0317898
1.535000   -0.0315244
1.540000   -0.0312589
1.545000   -0.0309945
1.550000   -0.0307305
1.555000   -0.0304671
1.560000   -0.0302032
1.565000   -0.0299395
1.570000   -0.0296752
1.575000   -0.0294124
1.580000   -0.0291489
1.585000   -0.0288857
1.590000   -0.0286228
1.595000   -0.0283625
1.600000   -0.0281004
1.605000   -0.0278412
1.610000   -0.0275827
1.615000   -0.0273244
1.620000   -0.0270672
1.625000   -0.0268112
1.630000   -0.0265567
1.635000   -0.0263021
1.640000   -0.0260494
1.645000   -0.0257973
1.650000   -0.0255441
1.655000   -0.0252925
1.660000   -0.0250412
1.665000   -0.02479
1.670000   -0.0245386
1.675000   -0.0242892
1.680000   -0.0240389
1.685000   -0.0237921
1.690000   -0.0235448
1.695000   -0.0232992
1.700000   -0.0230559
1.705000   -0.022813
1.710000   -0.022572
1.715000   -0.0223325
1.720000   -0.0220941
1.725000   -0.0218569
1.730000   -0.02162
1.735000   -0.0213843
1.740000   -0.021148
1.745000   -0.0209127
1.750000   -0.0206783
1.755000   -0.0204446
1.760000   -0.0202111
1.765000   -0.0199797
1.770000   -0.0197496
1.775000   -0.01952
1.780000   -0.0192931
1.785000   -0.0190687
1.790000   -0.0188439
1.795000   -0.0186212
1.800000   -0.0184003
1.805000   -0.0181797
1.810000   -0.0179608
1.815000   -0.0177426
1.820000   -0.0175264
1.825000   -0.0173108
1.830000   -0.0170967
1.835000   -0.0168825
1.840000   -0.01667
1.845000   -0.0164584
1.850000   -0.0162485
1.855000   -0.0160396
1.860000   -0.0158304
1.865000   -0.0156233
1.870000   -0.0154172
1.875000   -0.0152113
1.880000   -0.0150071
1.885000   -0.014805
1.890000   -0.0146048
1.895000   -0.0144066
1.900000   -0.0142101
1.905000   -0.0140154
1.910000   -0.0138222
1.915000   -0.01363
1.920000   -0.0134392
1.925000   -0.0132497
1.930000   -0.0130602
1.935000   -0.0128719
1.940000   -0.0126836
1.945000   -0.0124961
1.950000   -0.0123086
1.955000   -0.0121222
1.960000   -0.0119373
1.965000   -0.0117537
1.970000   -0.0115714
1.975000   -0.0113927
1.980000   -0.0112144
1.985000   -0.0110388
1.990000   -0.0108655
1.995000   -0.010693
2.000000   -0.0105216
2.005000   -0.0103518
2.010000   -0.0101831
2.015000   -0.0100136
2.020000   -0.00984487
2.025000   -0.00967457
2.030000   -0.0095089
2.035000   -0.00934317
2.040000   -0.00917737
2.045000   -0.00901353
2.050000   -0.008854
2.055000   -0.00869267
2.060000   -0.00853303
2.065000   -0.00837483
2.070000   -0.00821837
2.075000   -0.0080632
2.080000   -0.0079077
2.085000   -0.00775403
2.090000   -0.00760173
2.095000   -0.00744913
2.100000   -0.00729913
2.105000   -0.00714957
2.110000   -0.00700177
2.115000   -0.00685407
2.120000   -0.00670937
2.125000   -0.00656477
2.130000   -0.00642213
2.135000   -0.00627933
2.140000   -0.0061381
2.145000   -0.00599747
2.150000   -0.00585673
2.155000   -0.0057172
2.160000   -0.00557717
2.165000   -0.0054382
2.170000   -0.00530047
2.175000   -0.00516467
2.180000   -0.00502943
2.185000   -0.00489484
2.190000   -0.00476384
2.195000   -0.00463284
2.200000   -0.00450557
2.205000   -0.00437689
2.210000   -0.0042513
2.215000   -0.00412511
2.220000   -0.00400084
2.225000   -0.00387547
2.230000   -0.00375142
2.235000   -0.00362753
2.240000   -0.00350338
2.245000   -0.00338101
2.250000   -0.00326011
2.255000   -0.00313915
2.260000   -0.00302069
2.265000   -0.00290313
2.270000   -0.00278587
2.275000   -0.00267095
2.280000   -0.00255615
2.285000   -0.00244229
2.290000   -0.00233023
2.295000   -0.00221701
2.300000   -0.0021063
2.305000   -0.00199396
2.310000   -0.00188506
2.315000   -0.00177684
2.320000   -0.00166906
2.325000   -0.00156287
2.330000   -0.00145825
2.335000   -0.0013551
2.340000   -0.00125226
2.345000   -0.00115031
2.350000   -0.00104878
2.355000   -0.0009483
2.360000   -0.000847667
2.365000   -0.000747187
2.370000   -0.000646727
2.375000   -0.000547467
2.380000   -0.000448367
2.385000   -0.00035093
2.390000   -0.000255157
2.395000   -0.000161947
2.400000   -6.908e-05
2.405000   2.20967e-05
2.410000   0.00011263
2.415000   0.000201757
2.420000   0.00028993
2.425000   0.000378637
2.430000   0.00046606
2.435000   0.00055432
2.440000   0.000641283
2.445000   0.000727716
2.450000   0.000814047
2.455000   0.000898185
2.460000   0.000981473
2.465000   0.00106406
2.470000   0.00114549
2.475000   0.00122533
2.480000   0.00130533
2.485000   0.00138447
2.490000   0.00146258
2.495000   0.0015412
2.500000   0.00161888
2.505000   0.00169612
2.510000   0.00177168
2.515000   0.00184722
2.520000   0.001922
2.525000   0.00199448
2.530000   0.00206604
2.535000   0.00213593
2.540000   0.00220564
2.545000   0.00227411
2.550000   0.0023415
2.555000   0.00240935
2.560000   0.0024761
2.565000   0.00254322
2.570000   0.00261037
2.575000   0.00267744
2.580000   0.00274384
2.585000   0.00280874
2.590000   0.00287207
2.595000   0.00293645
2.600000   0.00299796
2.605000   0.0030595
2.610000   0.00311888
2.615000   0.00317852
2.620000   0.00323733
2.625000   0.00329569
2.630000   0.00335363
2.635000   0.003411
2.640000   0.00346835
2.645000   0.0035241
2.650000   0.00357984
2.655000   0.00363525
2.660000   0.00368845
2.665000   0.00374074
2.670000   0.00379282
2.675000   0.00384431
2.680000   0.00389367
2.685000   0.00394517
2.690000   0.00399459
2.695000   0.00404509
2.700000   0.00409485
2.705000   0.00414456
2.710000   0.00419402
2.715000   0.00424269
2.720000   0.00428997
2.725000   0.00433628
2.730000   0.00438283
2.735000   0.00442718
2.740000   0.00447056
2.745000   0.00451353
2.750000   0.00455641
2.755000   0.00459741
2.760000   0.00464054
2.765000   0.00468194
2.770000   0.0047235
2.775000   0.00476378
2.780000   0.00480468
2.785000   0.00484438
2.790000   0.00488323
2.795000   0.00492285
2.800000   0.0049604
2.805000   0.00499764
2.810000   0.00503416
2.815000   0.00507084
2.820000   0.00510603
2.825000   0.00514198
2.830000   0.00517826
2.835000   0.00521378
2.840000   0.0052491
2.845000   0.00528259
2.850000   0.00531656
2.855000   0.00535
2.860000   0.00538176
2.865000   0.00541209
2.870000   0.00544287
2.875000   0.00547291
2.880000   0.00550243
2.885000   0.00552974
2.890000   0.00555967
2.895000   0.00558805
2.900000   0.00561746
2.905000   0.00564698
2.910000   0.00567538
2.915000   0.00570278
2.920000   0.0057306
2.925000   0.00575827
2.930000   0.00578388
2.935000   0.00581003
2.940000   0.00583503
2.945000   0.00585897
2.950000   0.00588286
2.955000   0.00590732
2.960000   0.0059316
2.965000   0.00595516
2.970000   0.00597749
2.975000   0.00600081
2.980000   0.00602294
2.985000   0.00604456
2.990000   0.00606554
2.995000   0.00608389
3.000000   0.00610071
3.005000   0.00611925
3.010000   0.00613852
3.015000   0.00615571
3.020000   0.00617515
3.025000   0.00619298
3.030000   0.00621138
3.035000   0.00622802
3.040000   0.00624751
3.045000   0.00626544
3.050000   0.00628187
3.055000   0.00629854
3.060000   0.00631345
3.065000   0.00632871
3.070000   0.00634424
3.075000   0.00635843
3.080000   0.00637219
3.085000   0.00638571
3.090000   0.00639963
3.095000   0.00641316
3.100000   0.00642751
3.105000   0.00643924
3.110000   0.00645384
3.115000   0.00646504
3.120000   0.00647568
3.125000   0.00648697
3.130000   0.0064967
3.135000   0.0065073
3.140000   0.0065165
3.145000   0.00652431
3.150000   0.00653341
3.155000   0.0065429
3.160000   0.00655177
3.165000   0.00656003
3.170000   0.00656991
3.175000   0.00657921
3.180000   0.00658652
3.185000   0.00659394
3.190000   0.00659985
3.195000   0.00660578
3.200000   0.00661112
3.205000   0.00661561
3.210000   0.00662065
3.215000   0.00662436
3.220000   0.00662791
3.225000   0.00663166
3.230000   0.00663554
3.235000   0.00664074
3.240000   0.00664485
3.245000   0.00664822
3.250000   0.00665314
3.255000   0.00665651
3.260000   0.00665927
3.265000   0.00666234
3.270000   0.0066659
3.275000   0.00666943
3.280000   0.00667114
3.285000   0.00667348
3.290000   0.00667516
3.295000   0.00667622
3.300000   0.00667663
3.305000   0.00667818
3.310000   0.00667766
3.315000   0.00667711
3.320000   0.00667494
3.325000   0.00667287
3.330000   0.00666965
3.335000   0.00666885
3.340000   0.00666558
3.345000   0.00666358
3.350000   0.00666041
3.355000   0.00665916
3.360000   0.00665626
3.365000   0.0066535
3.370000   0.00665087
3.375000   0.0066464
3.380000   0.00664171
3.385000   0.00663718
3.390000   0.00662992
3.395000   0.00662495
3.400000   0.00661909
3.405000   0.00661287
3.410000   0.00660858
3.415000   0.00660527
3.420000   0.00660158
3.425000   0.00659831
3.430000   0.00659324
3.435000   0.00659058
3.440000   0.00658686
3.445000   0.00658365
3.450000   0.00657765
3.455000   0.00657174
3.460000   0.00656442
3.465000   0.00655654
3.470000   0.00654776
3.475000   0.00653953
3.480000   0.0065311
3.485000   0.00652277
3.490000   0.00651438
3.495000   0.00650588
3.500000   0.00649822
3.505000   0.00648994
3.510000   0.00648121
3.515000   0.00647086
3.520000   0.00646171
3.525000   0.00645246
3.530000   0.00644276
3.535000   0.00643335
3.540000   0.0064212
3.545000   0.00641096
3.550000   0.00639968
3.555000   0.00638941
3.560000   0.00637795
3.565000   0.00636644
3.570000   0.00635499
3.575000   0.00634212
3.580000   0.00633032
3.585000   0.00631822
3.590000   0.00630584
3.595000   0.00629337
3.600000   0.00627963
3.605000   0.00626881
3.610000   0.00626003
3.615000   0.00624937
3.620000   0.00624162
3.625000   0.00623159
3.630000   0.00622302
3.635000   0.00621368
3.640000   0.00620271
3.645000   0.00619127
3.650000   0.006178
3.655000   0.00616446
3.660000   0.00614993
3.665000   0.00613596
3.670000   0.00612104
3.675000   0.0061031
3.680000   0.00608865
3.685000   0.0060744
3.690000   0.00605894
3.695000   0.00604536
3.700000   0.00603043
3.705000   0.00601701
3.710000   0.00600037
3.715000   0.00503177
3.720000   0.00597037
3.725000   0.0059536
3.730000   0.00593957
3.735000   0.00592249
3.740000   0.00590531
3.745000   0.00589095
3.750000   0.00587294
3.755000   0.00585629
3.760000   0.00584133
3.765000   0.00582295
3.775000   0.00579077
3.780000   0.00577554
3.785000   0.00576356
3.790000   0.00574411
3.795000   0.00573057
3.800000   0.00571448
3.805000   0.00569878
3.810000   0.00568508
3.815000   0.00566976
3.820000   0.00565387
3.825000   0.00563841
3.830000   0.00562327
3.835000   0.00560665
3.840000   0.00558811
3.845000   0.00556998
3.850000   0.00555332
3.855000   0.00553364
3.860000   0.00551449
3.865000   0.00549778
3.870000   0.00547784
3.875000   0.00546042
3.880000   0.00544111
3.885000   0.00542289
3.890000   0.00540367
3.895000   0.00538512
3.900000   0.00536738
3.905000   0.00534633
3.910000   0.00532696
3.915000   0.00530785
3.920000   0.00528877
3.925000   0.00527175
3.930000   0.0052514
3.935000   0.00523286
3.940000   0.00521334
3.945000   0.00519371
3.950000   0.00517487
3.955000   0.0051547
3.960000   0.00513536
3.965000   0.00511256
3.970000   0.00509169
3.975000   0.00507068
3.980000   0.00505066
3.985000   0.00503167
3.990000   0.00501148
3.995000   0.00499454
4.000000   0.00497767
4.005000   0.00495948
4.010000   0.00494272
4.015000   0.00493156
4.020000   0.00491316
4.025000   0.00489477
4.030000   0.00487628
4.035000   0.00485499
4.040000   0.00483471
4.045000   0.0048118
4.050000   0.00479118
4.055000   0.00477042
4.060000   0.00474703
4.065000   0.00472695
4.070000   0.00470667
4.075000   0.00468872
4.080000   0.00466835
4.085000   0.00464779
4.090000   0.0046269
4.095000   0.00460582
4.100000   0.00458349
4.105000   0.00456032
4.110000   0.00454022
4.115000   0.00451736
4.120000   0.00449584
4.125000   0.00447799
4.130000   0.00445569
4.135000   0.00443488
4.140000   0.00441804
4.145000   0.00439651
4.150000   0.00437572
4.155000   0.00435295
4.160000   0.00433089
4.165000   0.00430663
4.170000   0.00428466
4.175000   0.00425962
4.180000   0.00423529
4.185000   0.00421255
4.190000   0.00419119
4.195000   0.00417078
4.200000   0.00415286
4.205000   0.00413274
4.210000   0.00411476
4.215000   0.00409517
4.220000   0.00407846
4.225000   0.00405878
4.230000   0.00404148
4.235000   0.00402078
4.240000   0.00399931
4.245000   0.00397759
4.250000   0.00395597
4.255000   0.00393395
4.260000   0.00391169
4.265000   0.00389145
4.270000   0.00387019
4.275000   0.00384768
4.280000   0.00382586
4.285000   0.00380691
4.290000   0.00378316
4.295000   0.0037608
4.300000   0.00373708
4.305000   0.00371316
4.310000   0.00368884
4.315000   0.00366656
4.320000   0.00364386
4.325000   0.00362209
4.330000   0.0036002
4.335000   0.00358034
4.340000   0.00355828
4.345000   0.00353605
4.350000   0.00351659
4.355000   0.00349449
4.360000   0.00347193
4.365000   0.00345196
4.370000   0.00342882
4.375000   0.00340356
4.380000   0.00337976
4.385000   0.00335767
4.390000   0.00333657
4.395000   0.00331551
4.400000   0.00231201
4.405000   0.00327049
4.410000   0.00325201
4.415000   0.00323028
4.420000   0.00321148
4.425000   0.00318984
4.430000   0.00317091
4.435000   0.00314841
4.440000   0.00312917
4.445000   0.00310953
4.450000   0.00308674
4.455000   0.00306674
4.460000   0.00304353
4.465000   0.00529551
4.470000   0.00300413
4.475000   0.00298016
4.480000   0.00295953
4.485000   0.00293439
4.490000   0.00291309
4.495000   0.00289314
4.500000   0.00287152
4.505000   0.00284968
4.510000   0.00282432
4.515000   0.00280236
4.520000   0.00278336
4.525000   0.00276075
4.530000   0.0027367
4.535000   0.00271744
4.540000   0.00269429
4.545000   0.00267337
4.550000   0.00264983
4.555000   0.00262854
4.560000   0.00260834
4.565000   0.00258666
4.570000   0.0025621
4.575000   0.00254008
4.580000   0.00251914
4.585000   0.00249805
4.590000   0.00247164
4.595000   0.00245014
4.600000   0.0024269
4.605000   0.00240837
4.610000   0.0023847
4.615000   0.00236611
4.620000   0.0023421
4.625000   0.00232286
4.630000   0.0023024
4.635000   0.00228758
4.640000   0.00226811
4.645000   0.0022485
4.650000   0.00222897
4.655000   0.00220899
4.660000   0.00218914
4.665000   0.00216882
4.670000   0.00214694
4.675000   0.0021271
4.680000   0.00210107
4.685000   0.00208409
4.690000   0.00206287
4.695000   0.00204391
4.700000   0.00202235
4.705000   0.00200168
4.710000   0.00197976
4.715000   0.00196178
4.720000   0.00193947
4.725000   -0.00241651
4.730000   0.00189367
4.735000   0.00187049
4.740000   0.00184965
4.745000   0.00182581
4.750000   0.00180461
4.755000   0.0017835
4.760000   0.00176768
4.765000   0.00174653
4.770000   0.0017258
4.775000   0.00171008
4.780000   0.00168986
4.785000   0.00166799
4.790000   0.00164742
4.795000   0.00162607
4.800000   0.00160335
4.805000   0.00158045
4.810000   0.00155735
4.815000   0.00153467
4.820000   0.00151508
4.825000   0.00149567
4.830000   0.00147695
4.835000   0.00146145
4.840000   0.00144303
4.845000   0.00142846
4.850000   0.00140973
4.855000   0.00138962
4.860000   0.00137611
4.865000   0.00135568
4.870000   0.0013357
4.875000   0.00132086
4.880000   0.00129612
4.885000   0.00127941
4.890000   0.00126319
4.895000   0.00124172
4.900000   0.00122708
4.905000   0.00120683
4.910000   0.00119188
4.915000   0.0011694
4.920000   0.0011496
4.925000   0.00113291
4.930000   0.00107057
4.935000   0.00109227
4.940000   0.00106952
4.945000   0.00105155
4.950000   0.00103246
4.955000   0.00101887
4.960000   0.000999803
4.965000   0.000981553
4.970000   0.000963763
4.975000   0.00094518
4.980000   0.000927423
4.985000   0.000908517
4.990000   0.000888123
4.995000   0.00086889
5.000000   0.0008465
5.005000   0.000826577
5.010000   0.000804823
5.015000   0.0007868
5.020000   0.000771313
5.025000   0.000754673
5.030000   0.000739233
5.035000   0.00072367
5.040000   0.00070694
5.045000   0.00068808
5.050000   0.000672077
5.055000   0.000649494
5.060000   0.000633168
5.065000   0.000608494
5.070000   0.000590144
5.075000   0.000565055
5.080000   0.000573422
5.085000   0.000542125
5.090000   0.000528393
5.095000   0.000521535
5.100000   0.000509704
5.105000   0.000499169
5.110000   0.000486066
5.115000   0.00047035
5.120000   0.000452715
5.125000   0.00044029
5.130000   0.000416613
5.135000   0.00039706
5.140000   0.000378429
5.145000   0.000357472
5.150000   0.000338145
5.155000   0.000324164
5.160000   0.000304529
5.165000   0.000289916
5.170000   0.000269965
5.175000   0.000255443
5.180000   0.000242641
5.185000   0.000227873
5.190000   0.000212976
5.195000   0.000194963
5.200000   0.000185521
5.205000   0.000168741
5.210000   0.000151824
5.215000   0.000142444
5.220000   0.000125271
5.225000   0.000115694
5.230000   9.86417e-05
5.235000   8.22083e-05
5.240000   6.64007e-05
5.245000   5.08427e-05
5.250000   2.87957e-05
5.255000   1.02247e-05
5.260000   -6.557e-06
5.265000   -2.5826e-05
5.270000   -4.52547e-05
5.275000   -5.67859e-05
5.280000   -6.99935e-05
5.285000   -8.37069e-05
5.290000   -9.51513e-05
5.295000   -0.000100099
