0.000000   8.75e-08
0.005000   0.00984067
0.010000   0.00961375
0.015000   0.00878697
0.020000   0.00781186
0.025000   0.00672731
0.030000   0.00568158
0.035000   0.00479587
0.040000   0.00416048
0.045000   0.00381981
0.050000   0.00379179
0.055000   0.00403949
0.060000   0.00452194
0.065000   0.00514746
0.070000   0.00582274
0.075000   0.00646909
0.080000   0.0070027
0.085000   0.00738454
0.090000   0.00757765
0.095000   0.00759095
0.100000   0.00744055
0.105000   0.00717545
0.110000   0.00684055
0.115000   0.0064852
0.120000   0.00615905
0.125000   0.00588685
0.130000   0.00569475
0.135000   0.00557905
0.140000   0.00553235
0.145000   0.0055387
0.150000   0.00557885
0.155000   0.00562815
0.160000   0.0056681
0.165000   0.00569555
0.170000   0.00569745
0.175000   0.00568295
0.180000   0.00565425
0.185000   0.00562415
0.190000   0.00559625
0.195000   0.00557845
0.200000   0.00557285
0.205000   0.0055799
0.210000   0.00559315
0.215000   0.00561245
0.220000   0.00562685
0.225000   0.0056367
0.230000   0.0056348
0.235000   0.0056226
0.240000   0.00560195
0.245000   0.0055745
0.250000   0.0055436
0.255000   0.0055143
0.260000   0.0054885
0.265000   0.00546915
0.270000   0.00545375
0.275000   0.0054421
0.280000   0.00543255
0.285000   0.0054228
0.290000   0.00540925
0.295000   0.005391
0.300000   0.00537015
0.305000   0.00534595
0.310000   0.0053185
0.315000   0.00529135
0.320000   0.00526755
0.325000   0.00524555
0.330000   0.00522605
0.335000   0.00520955
0.340000   0.0051963
0.345000   0.0051816
0.350000   0.0050992
0.355000   0.00508255
0.360000   0.0050631
0.365000   0.0051083
0.370000   0.0050837
0.375000   0.0050574
0.380000   0.00502985
0.385000   0.00500225
0.390000   0.0049755
0.395000   0.0049506
0.400000   0.0049251
0.405000   0.0048987
0.410000   0.00487235
0.415000   0.00484295
0.420000   0.0048104
0.425000   0.00477451
0.430000   0.0047368
0.435000   0.00469554
0.440000   0.00465198
0.445000   0.00460671
0.450000   0.00456119
0.455000   0.00451478
0.460000   0.00446717
0.465000   0.00441853
0.470000   0.00436832
0.475000   0.00431536
0.480000   0.00426065
0.485000   0.00420298
0.490000   0.00414186
0.495000   0.00407752
0.500000   0.004011
0.505000   0.00394265
0.510000   0.00387224
0.515000   0.0038008
0.520000   0.00372778
0.525000   0.0036542
0.530000   0.00357841
0.535000   0.00350165
0.540000   0.00342233
0.545000   0.00334032
0.550000   0.00325631
0.555000   0.00317005
0.560000   0.00308125
0.565000   0.00299128
0.570000   0.00289909
0.575000   0.00280623
0.580000   0.00271232
0.585000   0.0026176
0.590000   0.00252161
0.595000   0.00242499
0.600000   0.00232699
0.605000   0.00222794
0.610000   0.002127
0.615000   0.00202433
0.620000   0.00192044
0.625000   0.00181499
0.630000   0.0017094
0.635000   0.00160253
0.640000   0.00149515
0.645000   0.0013881
0.650000   0.00128012
0.655000   0.0011722
0.660000   0.00106407
0.665000   0.00095485
0.670000   0.000845217
0.675000   0.0007348
0.680000   0.000624173
0.685000   0.000512793
0.690000   0.000400912
0.695000   0.000289602
0.700000   0.000177922
0.705000   6.595e-05
0.710000   -4.508e-05
0.715000   -0.000156045
0.720000   -0.000266455
0.725000   -0.000376665
0.730000   -0.000486875
0.735000   -0.000596605
0.740000   -0.000706065
0.745000   -0.00081612
0.750000   -0.00092594
0.755000   -0.0010351
0.760000   -0.0011433
0.765000   -0.00125145
0.770000   -0.00135833
0.775000   -0.00146446
0.780000   -0.0015699
0.785000   -0.00167414
0.790000   -0.00177776
0.795000   -0.00188083
0.800000   -0.00198349
0.805000   -0.00208541
0.810000   -0.00218609
0.815000   -0.00228639
0.820000   -0.00238576
0.825000   -0.00248387
0.830000   -0.00258059
0.835000   -0.00267689
0.840000   -0.00277164
0.845000   -0.00286446
0.850000   -0.00295682
0.855000   -0.00304774
0.860000   -0.0031379
0.865000   -0.0032271
0.870000   -0.00331516
0.875000   -0.00340217
0.880000   -0.00348776
0.885000   -0.00357245
0.890000   -0.00365538
0.895000   -0.00373729
0.900000   -0.0038171
0.905000   -0.00389625
0.910000   -0.00397332
0.915000   -0.00404949
0.920000   -0.0041246
0.925000   -0.00419817
0.930000   -0.00427021
0.935000   -0.00434147
0.940000   -0.00441124
0.945000   -0.00448
0.950000   -0.0045472
0.955000   -0.00461281
0.960000   -0.00467669
0.965000   -0.00473987
0.970000   -0.00480061
0.975000   -0.00486051
0.980000   -0.00491879
0.985000   -0.00497593
0.990000   -0.00503202
0.995000   -0.00508644
1.000000   -0.00513991
1.005000   -0.00519222
1.010000   -0.00524275
1.015000   -0.00529189
1.020000   -0.00533988
1.025000   -0.00538634
1.030000   -0.00543144
1.035000   -0.00547506
1.040000   -0.00551715
1.045000   -0.00555826
1.050000   -0.00559827
1.055000   -0.00563698
1.060000   -0.00567417
1.065000   -0.00571087
1.070000   -0.00574557
1.075000   -0.00577977
1.080000   -0.00581205
1.085000   -0.00584351
1.090000   -0.00587348
1.095000   -0.005902
1.100000   -0.00592955
1.105000   -0.00595584
1.110000   -0.00598123
1.115000   -0.00600538
1.120000   -0.00602848
1.125000   -0.00605068
1.130000   -0.0060719
1.135000   -0.00609169
1.140000   -0.00611065
1.145000   -0.00612847
1.150000   -0.00614514
1.155000   -0.00616066
1.160000   -0.0061754
1.165000   -0.00618894
1.170000   -0.00620158
1.175000   -0.00621319
1.180000   -0.00622372
1.185000   -0.00623397
1.190000   -0.00624303
1.195000   -0.0062511
1.200000   -0.00625853
1.205000   -0.00626485
1.210000   -0.00627023
1.215000   -0.00627487
1.220000   -0.00627849
1.225000   -0.00628136
1.230000   -0.00628329
1.235000   -0.00628473
1.240000   -0.00628542
1.245000   -0.00628519
1.250000   -0.00628445
1.255000   -0.00628285
1.260000   -0.00628074
1.265000   -0.00627775
1.270000   -0.00627414
1.275000   -0.00626997
1.280000   -0.00626483
1.285000   -0.00625889
1.290000   -0.0062527
1.295000   -0.00624551
1.300000   -0.00623797
1.305000   -0.0062299
1.310000   -0.00622114
1.315000   -0.00621184
1.320000   -0.00620212
1.325000   -0.00619171
1.330000   -0.00618081
1.335000   -0.00616928
1.340000   -0.00615748
1.345000   -0.00614505
1.350000   -0.00613185
1.355000   -0.00611836
1.360000   -0.00610435
1.365000   -0.00608971
1.370000   -0.006075
1.375000   -0.00606
1.380000   -0.00604418
1.385000   -0.00602795
1.390000   -0.00601153
1.395000   -0.00599439
1.400000   -0.00597725
1.405000   -0.00595933
1.410000   -0.00594131
1.415000   -0.00592266
1.420000   -0.00590376
1.425000   -0.00588489
1.430000   -0.00586549
1.435000   -0.00584574
1.440000   -0.00582581
1.445000   -0.00580561
1.450000   -0.00578499
1.455000   -0.00576397
1.460000   -0.00574266
1.465000   -0.00572097
1.470000   -0.00569891
1.475000   -0.0056766
1.480000   -0.00565396
1.485000   -0.00563097
1.490000   -0.00560809
1.495000   -0.005585
1.500000   -0.00556183
1.505000   -0.00553843
1.510000   -0.00551507
1.515000   -0.00549165
1.520000   -0.00546767
1.525000   -0.00544372
1.530000   -0.00541944
1.535000   -0.00539477
1.540000   -0.00536982
1.545000   -0.00534474
1.550000   -0.00531905
1.555000   -0.00529371
1.560000   -0.00526772
1.565000   -0.00524188
1.570000   -0.00521604
1.575000   -0.00519007
1.580000   -0.00516421
1.585000   -0.00513801
1.590000   -0.00511228
1.595000   -0.00508649
1.600000   -0.00506032
1.605000   -0.00503427
1.610000   -0.00500824
1.615000   -0.00498192
1.620000   -0.00495526
1.625000   -0.00492867
1.630000   -0.00490149
1.635000   -0.00487419
1.640000   -0.00484674
1.645000   -0.00481909
1.650000   -0.00479177
1.655000   -0.00476408
1.660000   -0.0047368
1.665000   -0.00470938
1.670000   -0.00468211
1.675000   -0.00465583
1.680000   -0.00462893
1.685000   -0.00460216
1.690000   -0.00457544
1.695000   -0.00454886
1.700000   -0.0045218
1.705000   -0.00449465
1.710000   -0.00446679
1.715000   -0.00443934
1.720000   -0.00441174
1.725000   -0.00438395
1.730000   -0.00435627
1.735000   -0.00432835
1.740000   -0.0043007
1.745000   -0.00427306
1.750000   -0.00424558
1.755000   -0.00421855
1.760000   -0.00419155
1.765000   -0.00416441
1.770000   -0.0041378
1.775000   -0.00411108
1.780000   -0.0040844
1.785000   -0.00405788
1.790000   -0.00403128
1.795000   -0.00400459
1.800000   -0.00397795
1.805000   -0.00395133
1.810000   -0.00392443
1.815000   -0.00389772
1.820000   -0.00387103
1.825000   -0.00384411
1.830000   -0.00381749
1.835000   -0.00379056
1.840000   -0.00376366
1.845000   -0.00373716
1.850000   -0.0037107
1.855000   -0.00368449
1.860000   -0.00365816
1.865000   -0.00363249
1.870000   -0.00360691
1.875000   -0.00358165
1.880000   -0.00355665
1.885000   -0.00353155
1.890000   -0.00350676
1.895000   -0.00348186
1.900000   -0.00345661
1.905000   -0.00343134
1.910000   -0.00340584
1.915000   -0.00338045
1.920000   -0.00335475
1.925000   -0.00332898
1.930000   -0.00330345
1.935000   -0.00327802
1.940000   -0.00325298
1.945000   -0.00322815
1.950000   -0.00320398
1.955000   -0.00317989
1.960000   -0.00315624
1.965000   -0.0031326
1.970000   -0.00310929
1.975000   -0.00308587
1.980000   -0.00306245
1.985000   -0.00303913
1.990000   -0.00301554
1.995000   -0.00299181
2.000000   -0.00296806
2.005000   -0.00294463
2.010000   -0.00292072
2.015000   -0.00289727
2.020000   -0.00287411
2.025000   -0.00285103
2.030000   -0.00282831
2.035000   -0.00280527
2.040000   -0.00278276
2.045000   -0.00276045
2.050000   -0.00273791
2.055000   -0.00271575
2.060000   -0.00269363
2.065000   -0.00267165
2.070000   -0.00264974
2.075000   -0.00262811
2.080000   -0.00260645
2.085000   -0.00258508
2.090000   -0.00256361
2.095000   -0.00254251
2.100000   -0.00252145
2.105000   -0.00250069
2.110000   -0.00247951
2.115000   -0.00245868
2.120000   -0.00243784
2.125000   -0.00241666
2.130000   -0.00239562
2.135000   -0.00237482
2.140000   -0.00235395
2.145000   -0.00233319
2.150000   -0.00231272
2.155000   -0.00229243
2.160000   -0.00227241
2.165000   -0.00225275
2.170000   -0.00223326
2.175000   -0.00221429
2.180000   -0.00219519
2.185000   -0.0021762
2.190000   -0.00215742
2.195000   -0.00213844
2.200000   -0.00211952
2.205000   -0.00210016
2.210000   -0.00208123
2.215000   -0.00206204
2.220000   -0.0020431
2.225000   -0.00202413
2.230000   -0.00200534
2.235000   -0.00198688
2.240000   -0.00196854
2.245000   -0.0019506
2.250000   -0.00193269
2.255000   -0.00191473
2.260000   -0.00189712
2.265000   -0.00187946
2.270000   -0.00186175
2.275000   -0.00184422
2.280000   -0.0018268
2.285000   -0.00180933
2.290000   -0.00179225
2.295000   -0.00177528
2.300000   -0.00175834
2.305000   -0.00174194
2.310000   -0.00172535
2.315000   -0.001709
2.320000   -0.00169283
2.325000   -0.00167632
2.330000   -0.00165981
2.335000   -0.00164349
2.340000   -0.00162712
2.345000   -0.00161047
2.350000   -0.001594
2.355000   -0.00157776
2.360000   -0.00156162
2.365000   -0.00154595
2.370000   -0.00153022
2.375000   -0.00151495
2.380000   -0.00150015
2.385000   -0.00148536
2.390000   -0.0014706
2.395000   -0.00145563
2.400000   -0.00144097
2.405000   -0.00142633
2.410000   -0.00141134
2.415000   -0.00139665
2.420000   -0.00138169
2.425000   -0.00136689
2.430000   -0.00135255
2.435000   -0.00133801
2.440000   -0.00132392
2.445000   -0.00130998
2.450000   -0.001296
2.455000   -0.00128224
2.460000   -0.00126835
2.465000   -0.00125447
2.470000   -0.00124083
2.475000   -0.00122697
2.480000   -0.00121334
2.485000   -0.00119958
2.490000   -0.0011862
2.495000   -0.00117298
2.500000   -0.00115998
2.505000   -0.0011473
2.510000   -0.00113476
2.515000   -0.00112232
2.520000   -0.00110987
2.525000   -0.00109766
2.530000   -0.00108531
2.535000   -0.00107275
2.540000   -0.00106012
2.545000   -0.00104771
2.550000   -0.00103502
2.555000   -0.00102248
2.560000   -0.00101032
2.565000   -0.000998006
2.570000   -0.000986076
2.575000   -0.000974225
2.580000   -0.000962526
2.585000   -0.000951272
2.590000   -0.000939952
2.595000   -0.000928711
2.600000   -0.000917245
2.605000   -0.00090601
2.610000   -0.000894775
2.615000   -0.000883543
2.620000   -0.000872318
2.625000   -0.000861536
2.630000   -0.000850533
2.635000   -0.000839832
2.640000   -0.0008295
2.645000   -0.000818949
2.650000   -0.000808619
2.655000   -0.000798367
2.660000   -0.000787968
2.665000   -0.000777566
2.670000   -0.000767392
2.675000   -0.000756844
2.680000   -0.000746443
2.685000   -0.000736121
2.690000   -0.000725795
2.695000   -0.000715842
2.700000   -0.000705886
2.705000   -0.0006963
2.710000   -0.000686791
2.715000   -0.000677428
2.720000   -0.000668283
2.725000   -0.000659142
2.730000   -0.000649995
2.735000   -0.000640851
2.740000   -0.000631701
2.745000   -0.000622624
2.750000   -0.000613248
2.755000   -0.000604164
2.760000   -0.000595156
2.765000   -0.00058607
2.770000   -0.000577502
2.775000   -0.000568633
2.780000   -0.000560207
2.785000   -0.000551633
2.790000   -0.000543199
2.795000   -0.00053469
2.800000   -0.000526476
2.805000   -0.000517807
2.810000   -0.000509434
2.815000   -0.000501058
2.820000   -0.000492905
2.825000   -0.000484667
2.830000   -0.000476578
2.835000   -0.000468784
2.840000   -0.00046121
2.845000   -0.000453556
2.850000   -0.000446198
2.855000   -0.000438763
2.860000   -0.000431395
2.865000   -0.00042372
2.870000   -0.000416342
2.875000   -0.000408732
2.880000   -0.000401041
2.885000   -0.000393648
2.890000   -0.000386095
2.895000   -0.000378766
2.900000   -0.000371654
2.905000   -0.000364538
2.910000   -0.000357419
2.915000   -0.000350439
2.920000   -0.000343759
2.925000   -0.000336767
2.930000   -0.000330227
2.935000   -0.000323451
2.940000   -0.000316669
2.945000   -0.000310035
2.950000   -0.000303239
2.955000   -0.00029689
2.960000   -0.000290234
2.965000   -0.000284028
2.970000   -0.000277815
2.975000   -0.000271823
2.980000   -0.000265825
2.985000   -0.000259896
2.990000   -0.000253882
2.995000   -0.000247864
3.000000   -0.000241535
3.005000   -0.0002355
3.010000   -0.00022938
3.015000   -0.000223181
3.020000   -0.000217048
3.025000   -0.000211289
3.030000   -0.000205295
3.035000   -0.000199522
3.040000   -0.000193744
3.045000   -0.000188341
3.050000   -0.000182777
3.055000   -0.000177357
3.060000   -0.000172165
3.065000   -0.000166579
3.070000   -0.000161139
3.075000   -0.000155691
3.080000   -0.000150467
3.085000   -0.000144924
3.090000   -0.000139683
3.095000   -0.000134669
3.100000   -0.000129725
3.105000   -0.000124928
3.110000   -0.000120123
3.115000   -0.000115387
3.120000   -0.000110724
3.125000   -0.000105975
3.130000   -0.000101062
3.135000   -9.62165e-05
3.140000   -9.1363e-05
3.145000   -8.65025e-05
3.150000   -8.1477e-05
3.155000   -7.67545e-05
3.160000   -7.21045e-05
3.165000   -6.75245e-05
3.170000   -6.30935e-05
3.175000   -5.87325e-05
3.180000   -5.46025e-05
3.185000   -5.04635e-05
3.190000   -4.63155e-05
3.195000   -4.21615e-05
3.200000   -3.80785e-05
3.205000   -3.39085e-05
3.210000   -2.9491e-05
3.215000   -2.52245e-05
3.220000   -2.07895e-05
3.225000   -1.6505e-05
3.230000   -1.2372e-05
3.235000   -8.07e-06
3.240000   -4.0785e-06
3.245000   -1.6e-07
3.250000   3.767e-06
3.255000   7.7035e-06
3.260000   1.15655e-05
3.265000   1.5119e-05
3.270000   1.8917e-05
3.275000   2.27255e-05
3.280000   2.61385e-05
3.285000   2.96385e-05
3.290000   3.3068e-05
3.295000   3.6262e-05
3.300000   3.93815e-05
3.305000   4.28335e-05
3.310000   4.605e-05
3.315000   4.9273e-05
3.320000   5.2505e-05
3.325000   5.5745e-05
3.330000   5.92345e-05
3.335000   6.26535e-05
3.340000   6.6161e-05
3.345000   6.927e-05
3.350000   7.26305e-05
3.355000   7.5672e-05
3.360000   7.87205e-05
3.365000   8.16125e-05
3.370000   8.43455e-05
3.375000   8.7254e-05
3.380000   9.03335e-05
3.385000   9.3255e-05
3.390000   9.64315e-05
3.395000   9.97005e-05
3.400000   0.000103061
3.405000   0.000106016
3.410000   0.000109395
3.415000   0.000112531
3.420000   0.000115259
3.425000   0.000118247
3.430000   0.000120655
3.435000   0.000122989
3.440000   0.00012541
3.445000   0.000127338
3.450000   0.000129521
3.455000   0.000131543
3.460000   0.000133992
3.465000   0.000136195
3.470000   0.000138488
3.475000   0.000140874
3.480000   0.000143435
3.485000   0.000145836
3.490000   0.000148243
3.495000   0.000150655
3.500000   0.000152991
3.505000   0.000155079
3.510000   0.000157515
3.515000   0.000159785
3.520000   0.000161806
3.525000   0.000163835
3.530000   0.000166212
3.535000   0.000168254
3.540000   0.000170388
3.545000   0.000172354
3.550000   0.000174242
3.555000   0.00017605
3.560000   0.000177949
3.565000   0.000179855
3.570000   0.000181593
3.575000   0.000183599
3.580000   0.000185525
3.585000   0.00018763
3.590000   0.000189919
3.595000   0.000192211
3.600000   0.000194165
3.605000   0.000196474
3.610000   0.000198616
3.615000   0.000200586
3.620000   0.000202302
3.625000   0.00020358
3.630000   0.000204862
3.635000   0.000206064
3.640000   0.000206913
3.645000   0.00020812
3.650000   0.000209154
3.655000   0.00021037
3.660000   0.00021168
3.665000   0.000213086
3.670000   0.000214585
3.675000   0.000216178
3.680000   0.000217779
3.685000   0.000219386
3.690000   0.000220906
3.695000   0.000222434
3.700000   0.000224059
3.705000   0.000225234
3.710000   0.000226688
3.715000   0.000323366
3.720000   0.000228791
3.725000   0.000230075
3.730000   0.000231276
3.735000   0.000232571
3.740000   0.000233872
3.745000   0.000235086
3.750000   0.000236122
3.755000   0.000237345
3.760000   0.000238756
3.765000   0.000239804
3.770000   0.000241051
3.775000   0.000242286
3.780000   0.000243533
3.785000   0.000244692
3.790000   0.000245764
3.795000   0.000247025
3.800000   0.000247823
3.805000   0.000248909
3.810000   0.000249997
3.815000   0.000250525
3.820000   0.000251434
3.825000   0.000251778
3.830000   0.0002526
3.835000   0.000253045
3.840000   0.000253967
3.845000   0.000254323
3.850000   0.000255252
3.855000   0.000256088
3.860000   0.000257022
3.865000   0.000257581
3.870000   0.000258238
3.875000   0.000259183
3.880000   0.000259749
3.885000   0.000260416
3.890000   0.00026147
3.895000   0.000262142
3.900000   0.000262721
3.905000   0.000263398
3.910000   0.000264468
3.915000   0.000265154
3.920000   0.000265647
3.925000   0.000266143
3.930000   0.00026674
3.935000   0.000267141
3.940000   0.000267448
3.945000   0.000267754
3.950000   0.000267965
3.955000   0.000268474
3.960000   0.000268887
3.965000   0.0002694
3.970000   0.000270116
3.975000   0.000270834
3.980000   0.000271857
3.985000   0.00027258
3.990000   0.00027341
3.995000   0.000274141
4.000000   0.000274675
4.005000   0.00027491
4.010000   0.000275045
4.015000   0.000275079
4.020000   0.000275115
4.025000   0.000274947
4.030000   0.00027478
4.035000   0.000274816
4.040000   0.000275159
4.045000   0.000275505
4.050000   0.000275851
4.055000   0.0002762
4.060000   0.000276551
4.065000   0.0002768
4.070000   0.000277052
4.075000   0.000277304
4.080000   0.000277349
4.085000   0.000277394
4.090000   0.00027765
4.095000   0.000277908
4.100000   0.000278271
4.105000   0.00027832
4.110000   0.000278687
4.115000   0.000279055
4.120000   0.000279532
4.125000   0.000279691
4.130000   0.00027964
4.135000   0.000279801
4.140000   0.000279431
4.145000   0.000279059
4.150000   0.000278794
4.155000   0.000278635
4.160000   0.00027826
4.165000   0.000278206
4.170000   0.000278371
4.175000   0.000278753
4.180000   0.000278918
4.185000   0.0002793
4.190000   0.000279794
4.195000   0.000280182
4.200000   0.000280571
4.205000   0.000280305
4.210000   0.000280478
4.215000   0.000280321
4.220000   0.000279943
4.225000   0.000279562
4.230000   0.000279404
4.235000   0.000278689
4.240000   0.000278638
4.245000   0.000278589
4.250000   0.000278313
4.255000   0.000278263
4.260000   0.00027821
4.265000   0.000277823
4.270000   0.000277431
4.275000   0.000277152
4.280000   0.000276985
4.285000   0.00027659
4.290000   0.000275967
4.295000   0.000275797
4.300000   0.000275737
4.305000   0.00027568
4.310000   0.000275852
4.315000   0.000275682
4.320000   0.000275737
4.325000   0.000275678
4.330000   0.000275622
4.335000   0.000275215
4.340000   0.000274924
4.345000   0.00027463
4.350000   0.000274333
4.355000   0.000273569
4.360000   0.000273036
4.365000   0.000272735
4.370000   0.00027243
4.375000   0.000271892
4.380000   0.000271822
4.385000   0.000271871
4.390000   0.000271803
4.395000   0.000271493
4.400000   0.000369197
4.405000   0.000271113
4.410000   0.000270798
4.415000   0.000270486
4.420000   0.000270169
4.425000   0.000269365
4.430000   0.000268804
4.435000   0.000268479
4.440000   0.000267911
4.445000   0.000267583
4.450000   0.000267009
4.455000   0.000266679
4.460000   0.000266098
4.465000   3.8532e-05
4.470000   0.000265057
4.475000   0.000264717
4.480000   0.000264126
4.485000   0.000263407
4.490000   0.000263059
4.495000   0.000262334
4.500000   0.000261981
4.505000   0.000261627
4.510000   0.000261271
4.515000   0.00026066
4.520000   0.0002603
4.525000   0.000259937
4.530000   0.000259698
4.535000   0.000259075
4.540000   0.000258707
4.545000   0.000258206
4.550000   0.000257831
4.555000   0.000257327
4.560000   0.000256687
4.565000   0.000256174
4.570000   0.000254878
4.575000   0.000254357
4.580000   0.000253706
4.585000   0.000253047
4.590000   0.000252778
4.595000   0.000252115
4.600000   0.000251845
4.605000   0.000251439
4.610000   0.000251162
4.615000   0.000250486
4.620000   0.000250206
4.625000   0.000249791
4.630000   0.000249236
4.635000   0.000248949
4.640000   0.000248257
4.645000   0.000247557
4.650000   0.000246583
4.655000   0.000245877
4.660000   0.000244893
4.665000   0.000244175
4.670000   0.000243593
4.675000   0.000243282
4.680000   0.000242692
4.685000   0.000241683
4.690000   0.000240945
4.695000   0.000240343
4.700000   0.000239598
4.705000   0.000238989
4.710000   0.000238234
4.715000   0.000237194
4.720000   0.00023643
4.725000   -0.00193107
4.730000   0.000235453
4.735000   0.00023496
4.740000   0.000234606
4.745000   0.000234393
4.750000   0.000234036
4.755000   0.000233387
4.760000   0.000232591
4.765000   0.000231646
4.770000   0.000231417
4.775000   0.000230027
4.780000   0.000228919
4.785000   0.00022795
4.790000   0.000226828
4.795000   0.000226288
4.800000   0.000225597
4.805000   0.000224898
4.810000   0.000224198
4.815000   0.000224235
4.820000   0.000223825
4.825000   0.000223114
4.830000   0.000222845
4.835000   0.000222127
4.840000   0.000221253
4.845000   0.000220672
4.850000   0.000219788
4.855000   0.000218745
4.860000   0.000217999
4.865000   0.000216943
4.870000   0.000216646
4.875000   0.000215424
4.880000   0.000215122
4.885000   0.000214042
4.890000   0.00021373
4.895000   0.000212639
4.900000   0.000211856
4.905000   0.000210593
4.910000   0.000209797
4.915000   0.000208991
4.920000   0.000208184
4.925000   0.000207212
4.930000   0.000247161
4.935000   0.000206043
4.940000   0.000206012
4.945000   0.000205655
4.950000   0.00020482
4.955000   0.000204459
4.960000   0.000203289
4.965000   0.000202595
4.970000   0.000201248
4.975000   0.000200545
4.980000   0.000198854
4.985000   0.000198138
4.990000   0.00019725
4.995000   0.000196524
5.000000   0.00019579
5.005000   0.000195385
5.010000   0.00019514
5.015000   0.000194394
5.020000   0.000193978
5.025000   0.000193055
5.030000   0.000192293
5.035000   0.000191525
5.040000   0.000190245
5.045000   0.000188956
5.050000   0.000188169
5.055000   0.000187205
5.060000   0.000186406
5.065000   0.000187151
5.070000   0.00018807
5.075000   0.000194014
5.080000   0.000173084
5.085000   0.000184939
5.090000   0.000184286
5.095000   0.000183456
5.100000   0.000182267
5.105000   0.000181247
5.110000   0.000179512
5.115000   0.00017812
5.120000   0.000176897
5.125000   0.000175664
5.130000   0.000174782
5.135000   0.000173353
5.140000   0.000172458
5.145000   0.000172095
5.150000   0.000171551
5.155000   0.000171001
5.160000   0.000170445
5.165000   0.000170254
5.170000   0.00016969
5.175000   0.000169125
5.180000   0.000168369
5.185000   0.000167794
5.190000   0.000167213
5.195000   0.000166255
5.200000   0.000165663
5.205000   0.000164879
5.210000   0.00016409
5.215000   0.000163107
5.220000   0.000162303
5.225000   0.000161306
5.230000   0.00016011
5.235000   0.00015814
5.240000   0.000157115
5.245000   0.000155698
5.250000   0.000154658
5.255000   0.000154192
5.260000   0.000153525
5.265000   0.000153442
5.270000   0.000153357
5.275000   0.000153072
5.280000   0.000152588
5.285000   0.000152497
5.290000   0.000151808
5.295000   0.000150715
