0.75   4e-05
0.99652   4e-05
1.24304   4e-05
1.48955   4e-05
1.73607   4e-05
1.98259   4e-05
2.22911   4e-05
2.47563   5e-05
2.72214   5e-05
2.96866   5e-05
3.21518   5e-05
3.4617   5e-05
3.70822   5e-05
3.95474   5e-05
4.20125   5e-05
4.44777   5e-05
4.69429   5e-05
4.94081   5e-05
5.18733   5e-05
5.43384   5e-05
5.68036   6e-05
5.92688   6e-05
6.1734   6e-05
6.41992   6e-05
6.66643   6e-05
6.91295   6e-05
7.15947   6e-05
7.40599   6e-05
7.65251   7e-05
7.89903   7e-05
8.14554   7e-05
8.39206   7e-05
8.63858   7e-05
8.8851   7e-05
9.13162   7e-05
9.37813   8e-05
9.62465   8e-05
9.87117   8e-05
10.1177   8e-05
10.3642   8e-05
10.6107   8e-05
10.8572   9e-05
11.1038   9e-05
11.3503   9e-05
11.5968   9e-05
11.8433   9e-05
12.0898   0.0001
12.3363   0.0001
12.5829   0.0001
12.8294   0.0001
13.0759   0.00011
13.3224   0.00011
13.5689   0.00011
13.8155   0.00012
14.062   0.00012
14.3085   0.00012
14.555   0.00013
14.8015   0.00013
15.048   0.00014
15.2946   0.00014
15.5411   0.00014
15.7876   0.00015
16.0341   0.00015
16.2806   0.00016
16.5272   0.00016
16.7737   0.00017
17.0202   0.00018
17.2667   0.00018
17.5132   0.00019
17.7598   0.0002
18.0063   0.0002
18.2528   0.00021
18.4993   0.00022
18.7458   0.00023
18.9923   0.00024
19.2389   0.00025
19.4854   0.00026
19.7319   0.00027
19.9784   0.00028
20.2249   0.0003
20.4715   0.00031
20.718   0.00033
20.9645   0.00034
21.211   0.00036
21.4575   0.00038
21.704   0.0004
21.9506   0.00042
22.1971   0.00045
22.4436   0.00047
22.6901   0.0005
22.9366   0.00053
23.1832   0.00057
23.4297   0.00061
23.6762   0.00065
23.9227   0.0007
24.1692   0.00075
24.4157   0.00081
24.6623   0.00088
24.9088   0.00095
25.1553   0.00104
25.4018   0.00114
25.6483   0.00125
25.8949   0.00138
26.1414   0.00153
26.3879   0.00171
26.6344   0.00192
26.8809   0.00218
27.1274   0.00249
27.374   0.00286
27.6205   0.00333
27.867   0.00393
28.1135   0.0047
28.36   0.00571
28.6065   0.00709
28.8531   0.00901
29.0996   0.01181
29.3461   0.01606
29.5926   0.02288
29.8391   0.03447
30.0857   0.05499
30.3322   0.08907
30.5787   0.12274
30.8252   0.11181
31.0717   0.07344
31.3182   0.04512
31.5648   0.02892
31.8113   0.01966
32.0578   0.01408
32.3043   0.01053
32.5508   0.00814
32.7974   0.00647
33.0439   0.00526
33.2904   0.00436
33.5369   0.00367
33.7834   0.00314
34.0299   0.00271
34.2765   0.00236
34.523   0.00208
34.7695   0.00184
35.016   0.00165
35.2625   0.00148
35.5091   0.00134
35.7556   0.00122
36.0021   0.00111
36.2486   0.00102
36.4951   0.00094
36.7416   0.00087
36.9882   0.00081
37.2347   0.00075
37.4812   0.0007
37.7277   0.00066
37.9742   0.00062
38.2208   0.00058
38.4673   0.00055
38.7138   0.00052
38.9603   0.0005
39.2068   0.00047
39.4533   0.00045
39.6999   0.00043
39.9464   0.00042
40.1929   0.00041
40.4394   0.0004
40.6859   0.0004
40.9325   0.00038
41.179   0.00037
41.4255   0.00035
41.672   0.00034
41.9185   0.00034
42.165   0.00033
42.4116   0.00033
42.6581   0.00033
42.9046   0.00033
43.1511   0.00034
43.3976   0.00035
43.6442   0.00037
43.8907   0.00039
44.1372   0.00043
44.3837   0.00049
44.6302   0.00058
44.8767   0.00072
45.1233   0.00092
45.3698   0.00117
45.6163   0.00158
45.8628   0.00227
46.1093   0.0028
46.3558   0.00241
46.6024   0.00173
46.8489   0.00131
47.0954   0.00116
47.3419   0.00118
47.5884   0.00137
47.835   0.00181
48.0815   0.0026
48.328   0.00343
48.5745   0.00329
48.821   0.00261
49.0675   0.00217
49.3141   0.00178
49.5606   0.00144
49.8071   0.00127
50.0536   0.00131
50.3001   0.00157
50.5467   0.00209
50.7932   0.00252
51.0397   0.00223
51.2862   0.00169
51.5327   0.00137
51.7792   0.00115
52.0258   0.00093
52.2723   0.00076
52.5188   0.00067
52.7653   0.00066
53.0118   0.00071
53.2584   0.00082
53.5049   0.00095
53.7514   0.00113
53.9979   0.00133
54.2444   0.00153
54.4909   0.00195
54.7375   0.00249
54.984   0.00246
55.2305   0.00191
55.477   0.00146
55.7235   0.00117
55.9701   0.00105
56.2166   0.00107
56.4631   0.00124
56.7096   0.00164
56.9561   0.00226
57.2026   0.00265
57.4492   0.00246
57.6957   0.00228
57.9422   0.00209
58.1887   0.00171
58.4352   0.00134
58.6818   0.00112
58.9283   0.00106
59.1748   0.00108
59.4213   0.00117
59.6678   0.0013
59.9143   0.0016
60.1609   0.00214
60.4074   0.00271
60.6539   0.00281
60.9004   0.00239
61.1469   0.00213
61.3935   0.00231
61.64   0.00288
61.8865   0.00328
62.133   0.003
62.3795   0.00276
62.626   0.00295
62.8726   0.00299
63.1191   0.00242
63.3656   0.00189
63.6121   0.00173
63.8586   0.00191
64.1051   0.00223
64.3517   0.00215
64.5982   0.0018
64.8447   0.00166
65.0912   0.00187
65.3377   0.00244
65.5843   0.00294
65.8308   0.00258
66.0773   0.00183
66.3238   0.00131
66.5703   0.00103
66.8169   0.00091
67.0634   0.0009
67.3099   0.00099
67.5564   0.00123
67.8029   0.0017
68.0494   0.00248
68.296   0.00314
68.5425   0.0029
68.789   0.00246
69.0355   0.00247
69.282   0.00255
69.5285   0.00205
69.7751   0.0014
70.0216   0.00099
70.2681   0.00076
70.5146   0.00061
70.7611   0.00051
71.0077   0.00044
71.2542   0.00039
71.5007   0.00037
71.7472   0.00039
71.9937   0.00042
72.2403   0.00042
72.4868   0.00037
72.7333   0.00033
72.9798   0.00031
73.2263   0.00032
73.4728   0.00033
73.7194   0.00037
73.9659   0.00042
74.2124   0.0005
74.4589   0.00062
74.7054   0.00082
74.9519   0.00117
75.1985   0.00179
75.445   0.00259
75.6915   0.0029
75.938   0.00259
76.1845   0.00252
76.4311   0.00257
76.6776   0.00206
76.9241   0.00138
77.1706   0.00094
77.4171   0.00068
77.6637   0.00054
77.9102   0.00047
78.1567   0.00044
78.4032   0.00045
78.6497   0.00043
78.8962   0.00036
79.1428   0.0003
79.3893   0.00025
79.6358   0.00023
79.8823   0.00021
80.1288   0.00022
80.3753   0.00023
80.6219   0.00024
80.8684   0.00024
81.1149   0.00025
81.3614   0.00028
81.6079   0.00035
81.8545   0.00046
82.101   0.00054
82.3475   0.0005
82.594   0.00044
82.8405   0.00043
83.0871   0.00048
83.3336   0.00057
83.5801   0.00073
83.8266   0.00096
84.0731   0.00125
84.3196   0.00153
84.5662   0.00188
84.8127   0.00246
85.0592   0.00267
85.3057   0.00211
85.5522   0.00152
85.7987   0.00114
86.0453   0.00088
86.2918   0.00072
86.5383   0.00062
86.7848   0.0006
87.0313   0.00063
87.2779   0.00068
87.5244   0.00081
87.7709   0.0011
88.0174   0.00144
88.2639   0.00141
88.5105   0.00107
88.757   0.00076
89.0035   0.00059
89.25   0.00053
