0.75   3e-05
0.99652   3e-05
1.24304   3e-05
1.48955   3e-05
1.73607   3e-05
1.98259   3e-05
2.22911   3e-05
2.47563   3e-05
2.72214   3e-05
2.96866   3e-05
3.21518   3e-05
3.4617   3e-05
3.70822   3e-05
3.95474   3e-05
4.20125   3e-05
4.44777   3e-05
4.69429   3e-05
4.94081   3e-05
5.18733   3e-05
5.43384   3e-05
5.68036   3e-05
5.92688   3e-05
6.1734   4e-05
6.41992   4e-05
6.66643   4e-05
6.91295   4e-05
7.15947   4e-05
7.40599   4e-05
7.65251   4e-05
7.89903   4e-05
8.14554   4e-05
8.39206   4e-05
8.63858   4e-05
8.8851   4e-05
9.13162   4e-05
9.37813   4e-05
9.62465   4e-05
9.87117   5e-05
10.1177   5e-05
10.3642   5e-05
10.6107   5e-05
10.8572   5e-05
11.1038   5e-05
11.3503   5e-05
11.5968   5e-05
11.8433   5e-05
12.0898   5e-05
12.3363   6e-05
12.5829   6e-05
12.8294   6e-05
13.0759   6e-05
13.3224   6e-05
13.5689   6e-05
13.8155   6e-05
14.062   6e-05
14.3085   7e-05
14.555   7e-05
14.8015   7e-05
15.048   7e-05
15.2946   7e-05
15.5411   7e-05
15.7876   8e-05
16.0341   8e-05
16.2806   8e-05
16.5272   8e-05
16.7737   9e-05
17.0202   9e-05
17.2667   9e-05
17.5132   9e-05
17.7598   0.0001
18.0063   0.0001
18.2528   0.0001
18.4993   0.00011
18.7458   0.00011
18.9923   0.00011
19.2389   0.00012
19.4854   0.00012
19.7319   0.00013
19.9784   0.00013
20.2249   0.00013
20.4715   0.00014
20.718   0.00015
20.9645   0.00015
21.211   0.00016
21.4575   0.00016
21.704   0.00017
21.9506   0.00018
22.1971   0.00019
22.4436   0.0002
22.6901   0.0002
22.9366   0.00022
23.1832   0.00023
23.4297   0.00024
23.6762   0.00025
23.9227   0.00027
24.1692   0.00028
24.4157   0.0003
24.6623   0.00032
24.9088   0.00034
25.1553   0.00036
25.4018   0.00039
25.6483   0.00041
25.8949   0.00045
26.1414   0.00048
26.3879   0.00052
26.6344   0.00057
26.8809   0.00062
27.1274   0.00069
27.374   0.00076
27.6205   0.00085
27.867   0.00095
28.1135   0.00107
28.36   0.00123
28.6065   0.00142
28.8531   0.00166
29.0996   0.00197
29.3461   0.00238
29.5926   0.00294
29.8391   0.00374
30.0857   0.00491
30.3322   0.00671
30.5787   0.00966
30.8252   0.01475
31.0717   0.02373
31.3182   0.03714
31.5648   0.0447
31.8113   0.03506
32.0578   0.02214
32.3043   0.01395
32.5508   0.00935
32.7974   0.0067
33.0439   0.00509
33.2904   0.00408
33.5369   0.00343
33.7834   0.00301
34.0299   0.00275
34.2765   0.00262
34.523   0.00259
34.7695   0.00266
35.016   0.00284
35.2625   0.00315
35.5091   0.00364
35.7556   0.00439
36.0021   0.00553
36.2486   0.00735
36.4951   0.01035
36.7416   0.01556
36.9882   0.02482
37.2347   0.03911
37.4812   0.0486
37.7277   0.03927
37.9742   0.02489
38.2208   0.01551
38.4673   0.0102
38.7138   0.00712
38.9603   0.00524
39.2068   0.00402
39.4533   0.00322
39.6999   0.00266
39.9464   0.00223
40.1929   0.00187
40.4394   0.00158
40.6859   0.00136
40.9325   0.00119
41.179   0.00105
41.4255   0.00094
41.672   0.00085
41.9185   0.00077
42.165   0.00071
42.4116   0.00065
42.6581   0.00061
42.9046   0.00057
43.1511   0.00054
43.3976   0.00051
43.6442   0.00049
43.8907   0.00048
44.1372   0.00048
44.3837   0.00049
44.6302   0.00052
44.8767   0.00058
45.1233   0.00066
45.3698   0.00073
45.6163   0.0008
45.8628   0.00091
46.1093   0.00104
46.3558   0.001
46.6024   0.00084
46.8489   0.00068
47.0954   0.0006
47.3419   0.00059
47.5884   0.00063
47.835   0.00076
48.0815   0.001
48.328   0.00131
48.5745   0.00142
48.821   0.00124
49.0675   0.00105
49.3141   0.0009
49.5606   0.00082
49.8071   0.00083
50.0536   0.00089
50.3001   0.00095
50.5467   0.00109
50.7932   0.00127
51.0397   0.00131
51.2862   0.00136
51.5327   0.00158
51.7792   0.00197
52.0258   0.00262
52.2723   0.00354
52.5188   0.0038
52.7653   0.00295
53.0118   0.00212
53.2584   0.00172
53.5049   0.00166
53.7514   0.00188
53.9979   0.0023
54.2444   0.00288
54.4909   0.0037
54.7375   0.00415
54.984   0.00342
55.2305   0.00248
55.477   0.0019
55.7235   0.00158
55.9701   0.00142
56.2166   0.00141
56.4631   0.00161
56.7096   0.00209
56.9561   0.00283
57.2026   0.00317
57.4492   0.00282
57.6957   0.00261
57.9422   0.0025
58.1887   0.00221
58.4352   0.00178
58.6818   0.00137
58.9283   0.00114
59.1748   0.00108
59.4213   0.00112
59.6678   0.00122
59.9143   0.0014
60.1609   0.00173
60.4074   0.00208
60.6539   0.00235
60.9004   0.0027
61.1469   0.00299
61.3935   0.00269
61.64   0.00227
61.8865   0.00199
62.133   0.00171
62.3795   0.00158
62.626   0.00167
62.8726   0.00189
63.1191   0.00218
63.3656   0.0026
63.6121   0.00269
63.8586   0.00248
64.1051   0.00241
64.3517   0.0021
64.5982   0.0016
64.8447   0.00129
65.0912   0.00121
65.3377   0.00134
65.5843   0.00156
65.8308   0.0016
66.0773   0.00153
66.3238   0.00161
66.5703   0.00194
66.8169   0.00235
67.0634   0.0023
67.3099   0.00195
67.5564   0.00189
67.8029   0.00226
68.0494   0.00293
68.296   0.00304
68.5425   0.00232
68.789   0.00166
69.0355   0.00135
69.282   0.0012
69.5285   0.001
69.7751   0.00081
70.0216   0.00071
70.2681   0.00068
70.5146   0.00067
70.7611   0.00069
71.0077   0.00081
71.2542   0.00106
71.5007   0.00154
71.7472   0.00223
71.9937   0.00248
72.2403   0.00196
72.4868   0.00138
72.7333   0.00104
72.9798   0.00088
73.2263   0.00076
73.4728   0.00062
73.7194   0.00051
73.9659   0.00045
74.2124   0.00044
74.4589   0.00047
74.7054   0.00056
74.9519   0.00073
75.1985   0.00095
75.445   0.00113
75.6915   0.00114
75.938   0.001
76.1845   0.00097
76.4311   0.00104
76.6776   0.00098
76.9241   0.00077
77.1706   0.0006
77.4171   0.0005
77.6637   0.00045
77.9102   0.00045
78.1567   0.00052
78.4032   0.00063
78.6497   0.00079
78.8962   0.00098
79.1428   0.00105
79.3893   0.00086
79.6358   0.00064
79.8823   0.00053
80.1288   0.0005
80.3753   0.00054
80.6219   0.00063
80.8684   0.00075
81.1149   0.00093
81.3614   0.00128
81.6079   0.00188
81.8545   0.00251
82.101   0.00241
82.3475   0.00175
82.594   0.00119
82.8405   0.00086
83.0871   0.0007
83.3336   0.00065
83.5801   0.00068
83.8266   0.00078
84.0731   0.00091
84.3196   0.00098
84.5662   0.00102
84.8127   0.00112
85.0592   0.00115
85.3057   0.00099
85.5522   0.00084
85.7987   0.00071
86.0453   0.0006
86.2918   0.00052
86.5383   0.00049
86.7848   0.00051
87.0313   0.00058
87.2779   0.00066
87.5244   0.00079
87.7709   0.00102
88.0174   0.0013
88.2639   0.00126
88.5105   0.00096
88.757   0.00069
89.0035   0.00053
89.25   0.00047
