0.75   9e-05
0.99652   8e-05
1.24304   8e-05
1.48955   8e-05
1.73607   8e-05
1.98259   8e-05
2.22911   8e-05
2.47563   8e-05
2.72214   8e-05
2.96866   8e-05
3.21518   8e-05
3.4617   8e-05
3.70822   8e-05
3.95474   9e-05
4.20125   9e-05
4.44777   9e-05
4.69429   9e-05
4.94081   9e-05
5.18733   9e-05
5.43384   9e-05
5.68036   0.0001
5.92688   0.0001
6.1734   0.0001
6.41992   0.0001
6.66643   0.0001
6.91295   0.0001
7.15947   0.00011
7.40599   0.00011
7.65251   0.00011
7.89903   0.00011
8.14554   0.00011
8.39206   0.00012
8.63858   0.00012
8.8851   0.00012
9.13162   0.00012
9.37813   0.00012
9.62465   0.00013
9.87117   0.00013
10.1177   0.00013
10.3642   0.00013
10.6107   0.00014
10.8572   0.00014
11.1038   0.00014
11.3503   0.00015
11.5968   0.00015
11.8433   0.00015
12.0898   0.00016
12.3363   0.00016
12.5829   0.00016
12.8294   0.00017
13.0759   0.00017
13.3224   0.00017
13.5689   0.00018
13.8155   0.00018
14.062   0.00019
14.3085   0.00019
14.555   0.0002
14.8015   0.0002
15.048   0.00021
15.2946   0.00021
15.5411   0.00022
15.7876   0.00022
16.0341   0.00023
16.2806   0.00024
16.5272   0.00024
16.7737   0.00025
17.0202   0.00026
17.2667   0.00027
17.5132   0.00028
17.7598   0.00028
18.0063   0.00029
18.2528   0.0003
18.4993   0.00031
18.7458   0.00032
18.9923   0.00033
19.2389   0.00035
19.4854   0.00036
19.7319   0.00037
19.9784   0.00038
20.2249   0.0004
20.4715   0.00042
20.718   0.00043
20.9645   0.00045
21.211   0.00047
21.4575   0.00049
21.704   0.00051
21.9506   0.00053
22.1971   0.00056
22.4436   0.00058
22.6901   0.00061
22.9366   0.00064
23.1832   0.00068
23.4297   0.00071
23.6762   0.00075
23.9227   0.00079
24.1692   0.00084
24.4157   0.00089
24.6623   0.00095
24.9088   0.00101
25.1553   0.00108
25.4018   0.00116
25.6483   0.00124
25.8949   0.00134
26.1414   0.00145
26.3879   0.00157
26.6344   0.00172
26.8809   0.00188
27.1274   0.00207
27.374   0.00229
27.6205   0.00255
27.867   0.00287
28.1135   0.00325
28.36   0.00371
28.6065   0.00429
28.8531   0.00502
29.0996   0.00596
29.3461   0.00721
29.5926   0.00892
29.8391   0.01133
30.0857   0.01488
30.3322   0.02035
30.5787   0.02929
30.8252   0.04475
31.0717   0.072
31.3182   0.1127
31.5648   0.13564
31.8113   0.10636
32.0578   0.06717
32.3043   0.04231
32.5508   0.02834
32.7974   0.02029
33.0439   0.01543
33.2904   0.01236
33.5369   0.01038
33.7834   0.0091
34.0299   0.00831
34.2765   0.0079
34.523   0.00781
34.7695   0.00803
35.016   0.00857
35.2625   0.00951
35.5091   0.01099
35.7556   0.01324
36.0021   0.0167
36.2486   0.02218
36.4951   0.03124
36.7416   0.04699
36.9882   0.07498
37.2347   0.11814
37.4812   0.14682
37.7277   0.11863
37.9742   0.07517
38.2208   0.0468
38.4673   0.03074
38.7138   0.02143
38.9603   0.01571
39.2068   0.012
39.4533   0.00949
39.6999   0.00771
39.9464   0.00639
40.1929   0.00538
40.4394   0.00459
40.6859   0.00398
40.9325   0.00349
41.179   0.00309
41.4255   0.00276
41.672   0.00249
41.9185   0.00226
42.165   0.00206
42.4116   0.0019
42.6581   0.00175
42.9046   0.00163
43.1511   0.00153
43.3976   0.00144
43.6442   0.00137
43.8907   0.00131
44.1372   0.00127
44.3837   0.00124
44.6302   0.00123
44.8767   0.00126
45.1233   0.00133
45.3698   0.00147
45.6163   0.00173
45.8628   0.00216
46.1093   0.00253
46.3558   0.00232
46.6024   0.00185
46.8489   0.00153
47.0954   0.00139
47.3419   0.00139
47.5884   0.00151
47.835   0.00182
48.0815   0.00238
48.328   0.00304
48.5745   0.00305
48.821   0.00257
49.0675   0.00223
49.3141   0.00193
49.5606   0.00169
49.8071   0.00161
50.0536   0.00169
50.3001   0.00195
50.5467   0.00244
50.7932   0.00293
51.0397   0.00292
51.2862   0.00279
51.5327   0.00303
51.7792   0.00378
52.0258   0.00527
52.2723   0.00742
52.5188   0.00815
52.7653   0.00637
53.0118   0.00457
53.2584   0.00365
53.5049   0.00341
53.7514   0.00373
53.9979   0.00467
54.2444   0.00651
54.4909   0.00939
54.7375   0.01112
54.984   0.00905
55.2305   0.00615
55.477   0.00436
55.7235   0.00346
55.9701   0.00313
56.2166   0.00325
56.4631   0.00391
56.7096   0.00536
56.9561   0.00746
57.2026   0.00806
57.4492   0.00615
57.6957   0.00427
57.9422   0.00315
58.1887   0.00248
58.4352   0.00204
58.6818   0.00175
58.9283   0.00161
59.1748   0.00159
59.4213   0.00168
59.6678   0.00189
59.9143   0.00228
60.1609   0.00296
60.4074   0.00402
60.6539   0.0053
60.9004   0.00675
61.1469   0.00783
61.3935   0.00692
61.64   0.00552
61.8865   0.00473
62.133   0.00409
62.3795   0.00383
62.626   0.00418
62.8726   0.00487
63.1191   0.00569
63.3656   0.00675
63.6121   0.00646
63.8586   0.00481
64.1051   0.00351
64.3517   0.00274
64.5982   0.00231
64.8447   0.00217
65.0912   0.00233
65.3377   0.00279
65.5843   0.0033
65.8308   0.00332
66.0773   0.00326
66.3238   0.00371
66.5703   0.00488
66.8169   0.00631
67.0634   0.00634
67.3099   0.00542
67.5564   0.00532
67.8029   0.00648
68.0494   0.0085
68.296   0.00886
68.5425   0.00674
68.789   0.0048
69.0355   0.00386
69.282   0.00343
69.5285   0.00282
69.7751   0.00223
70.0216   0.0019
70.2681   0.00176
70.5146   0.00172
70.7611   0.00182
71.0077   0.00217
71.2542   0.00291
71.5007   0.0043
71.7472   0.00623
71.9937   0.00681
72.2403   0.00514
72.4868   0.00346
72.7333   0.00241
72.9798   0.00178
73.2263   0.00139
73.4728   0.00113
73.7194   0.00097
73.9659   0.00089
74.2124   0.00087
74.4589   0.00092
74.7054   0.00106
74.9519   0.0013
75.1985   0.00166
75.445   0.00213
75.6915   0.00236
75.938   0.00219
76.1845   0.00218
76.4311   0.0023
76.6776   0.00199
76.9241   0.00145
77.1706   0.00107
77.4171   0.00085
77.6637   0.00072
77.9102   0.00066
78.1567   0.00065
78.4032   0.0007
78.6497   0.00078
78.8962   0.00089
79.1428   0.00091
79.3893   0.00081
79.6358   0.00074
79.8823   0.00074
80.1288   0.00081
80.3753   0.00096
80.6219   0.0012
80.8684   0.00157
81.1149   0.00219
81.3614   0.00325
81.6079   0.00495
81.8545   0.00666
82.101   0.00615
82.3475   0.0042
82.594   0.00274
82.8405   0.0019
83.0871   0.00144
83.3336   0.00123
83.5801   0.00116
83.8266   0.00115
84.0731   0.00115
84.3196   0.00124
84.5662   0.00149
84.8127   0.00189
85.0592   0.00206
85.3057   0.00169
85.5522   0.00126
85.7987   0.001
86.0453   0.00084
86.2918   0.0007
86.5383   0.00061
86.7848   0.00059
87.0313   0.00064
87.2779   0.00067
87.5244   0.0007
87.7709   0.00072
88.0174   0.00075
88.2639   0.00071
88.5105   0.0006
88.757   0.00049
89.0035   0.00042
89.25   0.00042
