0.75   6e-05
0.99652   6e-05
1.24304   6e-05
1.48955   6e-05
1.73607   6e-05
1.98259   6e-05
2.22911   7e-05
2.47563   7e-05
2.72214   7e-05
2.96866   7e-05
3.21518   7e-05
3.4617   7e-05
3.70822   7e-05
3.95474   7e-05
4.20125   7e-05
4.44777   7e-05
4.69429   7e-05
4.94081   8e-05
5.18733   8e-05
5.43384   8e-05
5.68036   8e-05
5.92688   8e-05
6.1734   8e-05
6.41992   8e-05
6.66643   8e-05
6.91295   8e-05
7.15947   8e-05
7.40599   9e-05
7.65251   9e-05
7.89903   9e-05
8.14554   9e-05
8.39206   9e-05
8.63858   9e-05
8.8851   9e-05
9.13162   0.0001
9.37813   0.0001
9.62465   0.0001
9.87117   0.0001
10.1177   0.0001
10.3642   0.0001
10.6107   0.00011
10.8572   0.00011
11.1038   0.00011
11.3503   0.00011
11.5968   0.00011
11.8433   0.00011
12.0898   0.00012
12.3363   0.00012
12.5829   0.00012
12.8294   0.00012
13.0759   0.00012
13.3224   0.00013
13.5689   0.00013
13.8155   0.00013
14.062   0.00013
14.3085   0.00014
14.555   0.00014
14.8015   0.00014
15.048   0.00014
15.2946   0.00015
15.5411   0.00015
15.7876   0.00015
16.0341   0.00016
16.2806   0.00016
16.5272   0.00016
16.7737   0.00017
17.0202   0.00017
17.2667   0.00017
17.5132   0.00018
17.7598   0.00018
18.0063   0.00019
18.2528   0.00019
18.4993   0.0002
18.7458   0.0002
18.9923   0.00021
19.2389   0.00021
19.4854   0.00022
19.7319   0.00022
19.9784   0.00023
20.2249   0.00023
20.4715   0.00024
20.718   0.00025
20.9645   0.00025
21.211   0.00026
21.4575   0.00027
21.704   0.00028
21.9506   0.00029
22.1971   0.00029
22.4436   0.0003
22.6901   0.00031
22.9366   0.00033
23.1832   0.00034
23.4297   0.00035
23.6762   0.00036
23.9227   0.00038
24.1692   0.00039
24.4157   0.00041
24.6623   0.00043
24.9088   0.00044
25.1553   0.00047
25.4018   0.00049
25.6483   0.00051
25.8949   0.00054
26.1414   0.00057
26.3879   0.00061
26.6344   0.00065
26.8809   0.00069
27.1274   0.00074
27.374   0.0008
27.6205   0.00087
27.867   0.00095
28.1135   0.00105
28.36   0.00117
28.6065   0.00132
28.8531   0.00152
29.0996   0.00179
29.3461   0.00215
29.5926   0.00267
29.8391   0.00346
30.0857   0.00472
30.3322   0.00686
30.5787   0.01063
30.8252   0.01665
31.0717   0.0216
31.3182   0.01856
31.5648   0.01226
31.8113   0.00797
32.0578   0.00557
32.3043   0.00422
32.5508   0.00344
32.7974   0.00298
33.0439   0.00271
33.2904   0.00257
33.5369   0.00252
33.7834   0.00254
34.0299   0.00261
34.2765   0.00273
34.523   0.00292
34.7695   0.00319
35.016   0.00355
35.2625   0.00403
35.5091   0.00468
35.7556   0.00559
36.0021   0.00691
36.2486   0.0089
36.4951   0.01211
36.7416   0.01755
36.9882   0.02688
37.2347   0.0397
37.4812   0.0455
37.7277   0.03888
37.9742   0.0294
38.2208   0.02237
38.4673   0.01929
38.7138   0.01953
38.9603   0.02304
39.2068   0.0308
39.4533   0.04431
39.6999   0.06071
39.9464   0.06238
40.1929   0.04932
40.4394   0.03885
40.6859   0.03535
40.9325   0.03912
41.179   0.04603
41.4255   0.04471
41.672   0.03802
41.9185   0.03455
42.165   0.03376
42.4116   0.03708
42.6581   0.04768
42.9046   0.06972
43.1511   0.10544
43.3976   0.13163
43.6442   0.11116
43.8907   0.07493
44.1372   0.05163
44.3837   0.0385
44.6302   0.03103
44.8767   0.02891
45.1233   0.03075
45.3698   0.0299
45.6163   0.0228
45.8628   0.01606
46.1093   0.01184
46.3558   0.00933
46.6024   0.00777
46.8489   0.00676
47.0954   0.00614
47.3419   0.00593
47.5884   0.00605
47.835   0.00611
48.0815   0.00588
48.328   0.00568
48.5745   0.00564
48.821   0.00597
49.0675   0.00689
49.3141   0.00874
49.5606   0.0119
49.8071   0.01559
50.0536   0.0171
50.3001   0.01832
50.5467   0.02276
50.7932   0.02801
51.0397   0.02753
51.2862   0.02538
51.5327   0.02549
51.7792   0.02277
52.0258   0.0179
52.2723   0.01396
52.5188   0.01016
52.7653   0.00731
53.0118   0.00551
53.2584   0.0043
53.5049   0.00348
53.7514   0.00292
53.9979   0.00254
54.2444   0.00228
54.4909   0.00211
54.7375   0.00202
54.984   0.00202
55.2305   0.00208
55.477   0.00218
55.7235   0.00244
55.9701   0.00296
56.2166   0.00347
56.4631   0.00328
56.7096   0.0028
56.9561   0.00262
57.2026   0.00283
57.4492   0.00351
57.6957   0.00486
57.9422   0.00681
58.1887   0.00755
58.4352   0.00585
58.6818   0.00397
58.9283   0.00284
59.1748   0.00223
59.4213   0.00194
59.6678   0.00176
59.9143   0.00157
60.1609   0.00142
60.4074   0.00133
60.6539   0.00131
60.9004   0.00136
61.1469   0.0015
61.3935   0.00177
61.64   0.00213
61.8865   0.00234
62.133   0.00238
62.3795   0.00238
62.626   0.00241
62.8726   0.00266
63.1191   0.00318
63.3656   0.00396
63.6121   0.0052
63.8586   0.00734
64.1051   0.01056
64.3517   0.01442
64.5982   0.01513
64.8447   0.01123
65.0912   0.00754
65.3377   0.00551
65.5843   0.00446
65.8308   0.00373
66.0773   0.00325
66.3238   0.00308
66.5703   0.0031
66.8169   0.00337
67.0634   0.00405
67.3099   0.00536
67.5564   0.00761
67.8029   0.0105
68.0494   0.01124
68.296   0.00888
68.5425   0.00659
68.789   0.00553
69.0355   0.00542
69.282   0.00606
69.5285   0.00657
69.7751   0.00601
70.0216   0.00541
70.2681   0.00543
70.5146   0.00623
70.7611   0.00775
71.0077   0.00821
71.2542   0.00652
71.5007   0.0049
71.7472   0.00418
71.9937   0.004
72.2403   0.00409
72.4868   0.00458
72.7333   0.00549
72.9798   0.00588
73.2263   0.00509
73.4728   0.00436
73.7194   0.00424
73.9659   0.00483
74.2124   0.00603
74.4589   0.00645
74.7054   0.00529
74.9519   0.00421
75.1985   0.0039
75.445   0.00424
75.6915   0.00492
75.938   0.00518
76.1845   0.00459
76.4311   0.00395
76.6776   0.00351
76.9241   0.00312
77.1706   0.00296
77.4171   0.00309
77.6637   0.0031
77.9102   0.00286
78.1567   0.00279
78.4032   0.00298
78.6497   0.00335
78.8962   0.00393
79.1428   0.00457
79.3893   0.00469
79.6358   0.00453
79.8823   0.00493
80.1288   0.00541
80.3753   0.00486
80.6219   0.00396
80.8684   0.00363
81.1149   0.00397
81.3614   0.00446
81.6079   0.00424
81.8545   0.0036
82.101   0.00338
82.3475   0.00358
82.594   0.00361
82.8405   0.00345
83.0871   0.00355
83.3336   0.00402
83.5801   0.00477
83.8266   0.00472
84.0731   0.00373
84.3196   0.00285
84.5662   0.00241
84.8127   0.00235
85.0592   0.00248
85.3057   0.00254
85.5522   0.00264
85.7987   0.0028
86.0453   0.00307
86.2918   0.00374
86.5383   0.00454
86.7848   0.00493
87.0313   0.00494
87.2779   0.00409
87.5244   0.00304
87.7709   0.0024
88.0174   0.00209
88.2639   0.002
88.5105   0.00213
88.757   0.00245
89.0035   0.00306
89.25   0.00413
