0.75   6e-05
0.99652   6e-05
1.24304   6e-05
1.48955   6e-05
1.73607   6e-05
1.98259   6e-05
2.22911   6e-05
2.47563   6e-05
2.72214   6e-05
2.96866   6e-05
3.21518   6e-05
3.4617   7e-05
3.70822   7e-05
3.95474   7e-05
4.20125   7e-05
4.44777   7e-05
4.69429   7e-05
4.94081   7e-05
5.18733   7e-05
5.43384   7e-05
5.68036   7e-05
5.92688   7e-05
6.1734   8e-05
6.41992   8e-05
6.66643   8e-05
6.91295   8e-05
7.15947   8e-05
7.40599   8e-05
7.65251   8e-05
7.89903   8e-05
8.14554   8e-05
8.39206   9e-05
8.63858   9e-05
8.8851   9e-05
9.13162   9e-05
9.37813   9e-05
9.62465   9e-05
9.87117   9e-05
10.1177   9e-05
10.3642   0.0001
10.6107   0.0001
10.8572   0.0001
11.1038   0.0001
11.3503   0.0001
11.5968   0.0001
11.8433   0.00011
12.0898   0.00011
12.3363   0.00011
12.5829   0.00011
12.8294   0.00011
13.0759   0.00012
13.3224   0.00012
13.5689   0.00012
13.8155   0.00012
14.062   0.00012
14.3085   0.00013
14.555   0.00013
14.8015   0.00013
15.048   0.00013
15.2946   0.00014
15.5411   0.00014
15.7876   0.00014
16.0341   0.00014
16.2806   0.00015
16.5272   0.00015
16.7737   0.00015
17.0202   0.00016
17.2667   0.00016
17.5132   0.00016
17.7598   0.00017
18.0063   0.00017
18.2528   0.00018
18.4993   0.00018
18.7458   0.00018
18.9923   0.00019
19.2389   0.00019
19.4854   0.0002
19.7319   0.0002
19.9784   0.00021
20.2249   0.00021
20.4715   0.00022
20.718   0.00023
20.9645   0.00023
21.211   0.00024
21.4575   0.00025
21.704   0.00025
21.9506   0.00026
22.1971   0.00027
22.4436   0.00028
22.6901   0.00029
22.9366   0.0003
23.1832   0.00031
23.4297   0.00032
23.6762   0.00033
23.9227   0.00034
24.1692   0.00036
24.4157   0.00037
24.6623   0.00039
24.9088   0.0004
25.1553   0.00042
25.4018   0.00044
25.6483   0.00046
25.8949   0.00049
26.1414   0.00052
26.3879   0.00055
26.6344   0.00058
26.8809   0.00062
27.1274   0.00067
27.374   0.00072
27.6205   0.00079
27.867   0.00086
28.1135   0.00095
28.36   0.00107
28.6065   0.00121
28.8531   0.00139
29.0996   0.00163
29.3461   0.00196
29.5926   0.00243
29.8391   0.00312
30.0857   0.00423
30.3322   0.00607
30.5787   0.00931
30.8252   0.0148
31.0717   0.02096
31.3182   0.02033
31.5648   0.01397
31.8113   0.00889
32.0578   0.00598
32.3043   0.00434
32.5508   0.00338
32.7974   0.0028
33.0439   0.00244
33.2904   0.00222
33.5369   0.00208
33.7834   0.00201
34.0299   0.00199
34.2765   0.00201
34.523   0.00207
34.7695   0.00216
35.016   0.0023
35.2625   0.00249
35.5091   0.00273
35.7556   0.00306
36.0021   0.00351
36.2486   0.00412
36.4951   0.00502
36.7416   0.00638
36.9882   0.00859
37.2347   0.01236
37.4812   0.01852
37.7277   0.02488
37.9742   0.02393
38.2208   0.01832
38.4673   0.01472
38.7138   0.01382
38.9603   0.01516
39.2068   0.01904
39.4533   0.02679
39.6999   0.03979
39.9464   0.05217
40.1929   0.04981
40.4394   0.03938
40.6859   0.03252
40.9325   0.03253
41.179   0.03812
41.4255   0.04099
41.672   0.03555
41.9185   0.02994
42.165   0.02589
42.4116   0.02382
42.6581   0.02476
42.9046   0.02907
43.1511   0.0379
43.3976   0.0542
43.6442   0.08361
43.8907   0.12899
44.1372   0.15869
44.3837   0.13106
44.6302   0.09134
44.8767   0.07083
45.1233   0.06831
45.3698   0.07297
45.6163   0.0633
45.8628   0.04365
46.1093   0.02914
46.3558   0.02047
46.6024   0.01524
46.8489   0.0119
47.0954   0.00966
47.3419   0.00809
47.5884   0.00697
47.835   0.00617
48.0815   0.0056
48.328   0.00523
48.5745   0.00507
48.821   0.00515
49.0675   0.00557
49.3141   0.00656
49.5606   0.00842
49.8071   0.01073
50.0536   0.011
50.3001   0.00919
50.5467   0.00803
50.7932   0.00826
51.0397   0.01007
51.2862   0.01411
51.5327   0.02054
51.7792   0.02413
52.0258   0.01907
52.2723   0.01239
52.5188   0.00813
52.7653   0.00569
53.0118   0.00425
53.2584   0.00334
53.5049   0.00274
53.7514   0.00231
53.9979   0.00201
54.2444   0.00177
54.4909   0.0016
54.7375   0.00146
54.984   0.00134
55.2305   0.00126
55.477   0.0012
55.7235   0.00116
55.9701   0.00115
56.2166   0.00116
56.4631   0.00111
56.7096   0.00103
56.9561   0.00096
57.2026   0.00093
57.4492   0.00092
57.6957   0.00094
57.9422   0.001
58.1887   0.0011
58.4352   0.00116
58.6818   0.0011
58.9283   0.00102
59.1748   0.00097
59.4213   0.00098
59.6678   0.00103
59.9143   0.00107
60.1609   0.00105
60.4074   0.00105
60.6539   0.00107
60.9004   0.00111
61.1469   0.00119
61.3935   0.00133
61.64   0.00153
61.8865   0.00186
62.133   0.0023
62.3795   0.00263
62.626   0.00277
62.8726   0.00307
63.1191   0.00372
63.3656   0.00479
63.6121   0.00644
63.8586   0.00934
64.1051   0.0145
64.3517   0.02204
64.5982   0.02557
64.8447   0.01963
65.0912   0.01256
65.3377   0.00821
65.5843   0.00582
65.8308   0.0045
66.0773   0.0038
66.3238   0.00348
66.5703   0.00349
66.8169   0.00382
67.0634   0.00462
67.3099   0.00618
67.5564   0.00908
67.8029   0.01354
68.0494   0.01627
68.296   0.01344
68.5425   0.00964
68.789   0.00766
69.0355   0.00719
69.282   0.00787
69.5285   0.0084
69.7751   0.00711
70.0216   0.00531
70.2681   0.0039
70.5146   0.00297
70.7611   0.00242
71.0077   0.00215
71.2542   0.00208
71.5007   0.0022
71.7472   0.00257
71.9937   0.00319
72.2403   0.0039
72.4868   0.00495
72.7333   0.00668
72.9798   0.00765
73.2263   0.00625
73.4728   0.00447
73.7194   0.00324
73.9659   0.00246
74.2124   0.00201
74.4589   0.00176
74.7054   0.00168
74.9519   0.00179
75.1985   0.0021
75.445   0.00261
75.6915   0.00317
75.938   0.00369
76.1845   0.00356
76.4311   0.00304
76.6776   0.00265
76.9241   0.00254
77.1706   0.00266
77.4171   0.00299
77.6637   0.00315
77.9102   0.00283
78.1567   0.00261
78.4032   0.00271
78.6497   0.0029
78.8962   0.00299
79.1428   0.00305
79.3893   0.00324
79.6358   0.00394
79.8823   0.00534
80.1288   0.00683
80.3753   0.00656
80.6219   0.00513
80.8684   0.0043
81.1149   0.00439
81.3614   0.00508
81.6079   0.0052
81.8545   0.00457
82.101   0.00438
82.3475   0.00476
82.594   0.00488
82.8405   0.00474
83.0871   0.0051
83.3336   0.00614
83.5801   0.00767
83.8266   0.00771
84.0731   0.00589
84.3196   0.00411
84.5662   0.00301
84.8127   0.00247
85.0592   0.00232
85.3057   0.00249
85.5522   0.00285
85.7987   0.00302
86.0453   0.00297
86.2918   0.00321
86.5383   0.00404
86.7848   0.00559
87.0313   0.00689
87.2779   0.00606
87.5244   0.00438
87.7709   0.00326
88.0174   0.00264
88.2639   0.00239
88.5105   0.00244
88.757   0.00279
89.0035   0.00355
89.25   0.00502
