0.75   3e-05
0.99652   3e-05
1.24304   3e-05
1.48955   3e-05
1.73607   3e-05
1.98259   3e-05
2.22911   3e-05
2.47563   3e-05
2.72214   4e-05
2.96866   4e-05
3.21518   4e-05
3.4617   4e-05
3.70822   4e-05
3.95474   4e-05
4.20125   4e-05
4.44777   4e-05
4.69429   4e-05
4.94081   4e-05
5.18733   4e-05
5.43384   4e-05
5.68036   4e-05
5.92688   4e-05
6.1734   4e-05
6.41992   4e-05
6.66643   5e-05
6.91295   5e-05
7.15947   5e-05
7.40599   5e-05
7.65251   5e-05
7.89903   5e-05
8.14554   5e-05
8.39206   5e-05
8.63858   5e-05
8.8851   5e-05
9.13162   6e-05
9.37813   6e-05
9.62465   6e-05
9.87117   6e-05
10.1177   6e-05
10.3642   6e-05
10.6107   6e-05
10.8572   6e-05
11.1038   7e-05
11.3503   7e-05
11.5968   7e-05
11.8433   7e-05
12.0898   7e-05
12.3363   7e-05
12.5829   8e-05
12.8294   8e-05
13.0759   8e-05
13.3224   8e-05
13.5689   9e-05
13.8155   9e-05
14.062   9e-05
14.3085   9e-05
14.555   0.0001
14.8015   0.0001
15.048   0.0001
15.2946   0.0001
15.5411   0.00011
15.7876   0.00011
16.0341   0.00011
16.2806   0.00012
16.5272   0.00012
16.7737   0.00013
17.0202   0.00013
17.2667   0.00014
17.5132   0.00014
17.7598   0.00015
18.0063   0.00015
18.2528   0.00016
18.4993   0.00016
18.7458   0.00017
18.9923   0.00018
19.2389   0.00018
19.4854   0.00019
19.7319   0.0002
19.9784   0.00021
20.2249   0.00022
20.4715   0.00023
20.718   0.00024
20.9645   0.00025
21.211   0.00027
21.4575   0.00028
21.704   0.0003
21.9506   0.00031
22.1971   0.00033
22.4436   0.00035
22.6901   0.00037
22.9366   0.0004
23.1832   0.00042
23.4297   0.00045
23.6762   0.00048
23.9227   0.00052
24.1692   0.00056
24.4157   0.0006
24.6623   0.00065
24.9088   0.00071
25.1553   0.00077
25.4018   0.00084
25.6483   0.00093
25.8949   0.00103
26.1414   0.00114
26.3879   0.00127
26.6344   0.00143
26.8809   0.00162
27.1274   0.00184
27.374   0.00212
27.6205   0.00247
27.867   0.00291
28.1135   0.00348
28.36   0.00424
28.6065   0.00526
28.8531   0.00668
29.0996   0.00876
29.3461   0.01191
29.5926   0.01697
29.8391   0.02556
30.0857   0.04079
30.3322   0.06606
30.5787   0.09105
30.8252   0.08294
31.0717   0.05448
31.3182   0.03347
31.5648   0.02145
31.8113   0.01459
32.0578   0.01045
32.3043   0.00781
32.5508   0.00604
32.7974   0.0048
33.0439   0.00391
33.2904   0.00324
33.5369   0.00273
33.7834   0.00233
34.0299   0.00201
34.2765   0.00175
34.523   0.00154
34.7695   0.00137
35.016   0.00122
35.2625   0.0011
35.5091   0.001
35.7556   0.00091
36.0021   0.00083
36.2486   0.00076
36.4951   0.0007
36.7416   0.00065
36.9882   0.0006
37.2347   0.00056
37.4812   0.00052
37.7277   0.00049
37.9742   0.00046
38.2208   0.00044
38.4673   0.00041
38.7138   0.00039
38.9603   0.00038
39.2068   0.00036
39.4533   0.00035
39.6999   0.00034
39.9464   0.00033
40.1929   0.00034
40.4394   0.00035
40.6859   0.00036
40.9325   0.00034
41.179   0.00031
41.4255   0.00029
41.672   0.00027
41.9185   0.00026
42.165   0.00026
42.4116   0.00025
42.6581   0.00025
42.9046   0.00026
43.1511   0.00026
43.3976   0.00027
43.6442   0.00028
43.8907   0.0003
44.1372   0.00033
44.3837   0.00037
44.6302   0.00044
44.8767   0.00055
45.1233   0.0007
45.3698   0.00089
45.6163   0.00119
45.8628   0.0017
46.1093   0.00209
46.3558   0.00181
46.6024   0.00131
46.8489   0.00102
47.0954   0.00093
47.3419   0.00096
47.5884   0.00109
47.835   0.0014
48.0815   0.00197
48.328   0.00258
48.5745   0.00249
48.821   0.00201
49.0675   0.00172
49.3141   0.0015
49.5606   0.00127
49.8071   0.00114
50.0536   0.00116
50.3001   0.00134
50.5467   0.0017
50.7932   0.00201
51.0397   0.0018
51.2862   0.0014
51.5327   0.00116
51.7792   0.00099
52.0258   0.00082
52.2723   0.00069
52.5188   0.00064
52.7653   0.00068
53.0118   0.0008
53.2584   0.001
53.5049   0.0011
53.7514   0.00112
53.9979   0.00119
54.2444   0.00129
54.4909   0.00157
54.7375   0.00198
54.984   0.00196
55.2305   0.00155
55.477   0.00119
55.7235   0.00096
55.9701   0.00087
56.2166   0.00089
56.4631   0.00104
56.7096   0.00135
56.9561   0.0018
57.2026   0.00208
57.4492   0.00195
57.6957   0.00187
57.9422   0.00176
58.1887   0.00147
58.4352   0.00121
58.6818   0.00109
58.9283   0.00108
59.1748   0.00106
59.4213   0.00108
59.6678   0.00115
59.9143   0.00136
60.1609   0.00178
60.4074   0.00224
60.6539   0.00231
60.9004   0.00197
61.1469   0.00177
61.3935   0.0019
61.64   0.00232
61.8865   0.00265
62.133   0.00249
62.3795   0.00241
62.626   0.00271
62.8726   0.00281
63.1191   0.00225
63.3656   0.00172
63.6121   0.00153
63.8586   0.00166
64.1051   0.00192
64.3517   0.00185
64.5982   0.00154
64.8447   0.00138
65.0912   0.00151
65.3377   0.00193
65.5843   0.00231
65.8308   0.00204
66.0773   0.00146
66.3238   0.00104
66.5703   0.00082
66.8169   0.00072
67.0634   0.00071
67.3099   0.00077
67.5564   0.00095
67.8029   0.00131
68.0494   0.0019
68.296   0.0024
68.5425   0.00222
68.789   0.00189
69.0355   0.0019
69.282   0.00196
69.5285   0.00157
69.7751   0.00109
70.0216   0.00078
70.2681   0.00062
70.5146   0.00053
70.7611   0.00047
71.0077   0.0004
71.2542   0.00034
71.5007   0.00032
71.7472   0.00032
71.9937   0.00035
72.2403   0.00035
72.4868   0.0003
72.7333   0.00027
72.9798   0.00026
73.2263   0.00026
73.4728   0.00028
73.7194   0.00032
73.9659   0.00038
74.2124   0.00044
74.4589   0.00051
74.7054   0.00064
74.9519   0.0009
75.1985   0.00135
75.445   0.00196
75.6915   0.0022
75.938   0.00197
76.1845   0.00191
76.4311   0.00195
76.6776   0.00157
76.9241   0.00106
77.1706   0.00073
77.4171   0.00055
77.6637   0.00045
77.9102   0.00039
78.1567   0.00036
78.4032   0.00037
78.6497   0.00036
78.8962   0.0003
79.1428   0.00025
79.3893   0.00021
79.6358   0.00019
79.8823   0.00018
80.1288   0.00018
80.3753   0.00019
80.6219   0.0002
80.8684   0.0002
81.1149   0.00021
81.3614   0.00024
81.6079   0.00029
81.8545   0.00038
82.101   0.00046
82.3475   0.00043
82.594   0.0004
82.8405   0.0004
83.0871   0.00045
83.3336   0.00057
83.5801   0.00073
83.8266   0.00092
84.0731   0.00111
84.3196   0.00127
84.5662   0.00149
84.8127   0.00191
85.0592   0.00207
85.3057   0.00165
85.5522   0.00121
85.7987   0.00092
86.0453   0.00072
86.2918   0.0006
86.5383   0.00053
86.7848   0.00052
87.0313   0.00056
87.2779   0.0006
87.5244   0.00069
87.7709   0.00093
88.0174   0.0012
88.2639   0.00118
88.5105   0.00091
88.757   0.00066
89.0035   0.00051
89.25   0.00047
