0.75   0.00052
0.99652   0.00075
1.24304   0.00092
1.48955   0.00081
1.73607   0.0006
1.98259   0.00046
2.22911   0.00037
2.47563   0.00033
2.72214   0.0003
2.96866   0.00028
3.21518   0.00027
3.4617   0.00026
3.70822   0.00026
3.95474   0.00026
4.20125   0.00026
4.44777   0.00026
4.69429   0.00026
4.94081   0.00027
5.18733   0.00027
5.43384   0.00027
5.68036   0.00028
5.92688   0.00029
6.1734   0.00029
6.41992   0.0003
6.66643   0.0003
6.91295   0.00031
7.15947   0.00032
7.40599   0.00033
7.65251   0.00034
7.89903   0.00035
8.14554   0.00035
8.39206   0.00037
8.63858   0.00038
8.8851   0.00039
9.13162   0.0004
9.37813   0.00041
9.62465   0.00042
9.87117   0.00044
10.1177   0.00045
10.3642   0.00047
10.6107   0.00048
10.8572   0.0005
11.1038   0.00052
11.3503   0.00054
11.5968   0.00056
11.8433   0.00058
12.0898   0.00061
12.3363   0.00063
12.5829   0.00066
12.8294   0.00069
13.0759   0.00072
13.3224   0.00075
13.5689   0.00078
13.8155   0.00082
14.062   0.00086
14.3085   0.0009
14.555   0.00095
14.8015   0.001
15.048   0.00106
15.2946   0.00112
15.5411   0.00118
15.7876   0.00125
16.0341   0.00133
16.2806   0.00142
16.5272   0.00151
16.7737   0.00161
17.0202   0.00173
17.2667   0.00186
17.5132   0.002
17.7598   0.00217
18.0063   0.00235
18.2528   0.00255
18.4993   0.00279
18.7458   0.00306
18.9923   0.00338
19.2389   0.00374
19.4854   0.00417
19.7319   0.00467
19.9784   0.00528
20.2249   0.00601
20.4715   0.0069
20.718   0.00801
20.9645   0.00941
21.211   0.01121
21.4575   0.01357
21.704   0.01675
21.9506   0.02117
22.1971   0.02755
22.4436   0.03714
22.6901   0.05235
22.9366   0.07787
23.1832   0.12269
23.4297   0.19874
23.6762   0.28676
23.9227   0.28413
24.1692   0.19499
24.4157   0.1203
24.6623   0.07652
24.9088   0.05158
25.1553   0.03668
25.4018   0.02726
25.6483   0.02099
25.8949   0.01664
26.1414   0.01351
26.3879   0.01118
26.6344   0.00942
26.8809   0.00804
27.1274   0.00695
27.374   0.00608
27.6205   0.00536
27.867   0.00477
28.1135   0.00428
28.36   0.00387
28.6065   0.00352
28.8531   0.00322
29.0996   0.00297
29.3461   0.00275
29.5926   0.00256
29.8391   0.00239
30.0857   0.00225
30.3322   0.00213
30.5787   0.00202
30.8252   0.00193
31.0717   0.00185
31.3182   0.00179
31.5648   0.00173
31.8113   0.00169
32.0578   0.00166
32.3043   0.00164
32.5508   0.00163
32.7974   0.00163
33.0439   0.00164
33.2904   0.00167
33.5369   0.00171
33.7834   0.00177
34.0299   0.00185
34.2765   0.00195
34.523   0.00208
34.7695   0.00224
35.016   0.00246
35.2625   0.00273
35.5091   0.00308
35.7556   0.00355
36.0021   0.00418
36.2486   0.00503
36.4951   0.00624
36.7416   0.00801
36.9882   0.01073
37.2347   0.01512
37.4812   0.02257
37.7277   0.03524
37.9742   0.05425
38.2208   0.0736
38.4673   0.07139
38.7138   0.04897
38.9603   0.03039
39.2068   0.0195
39.4533   0.01329
39.6999   0.00957
39.9464   0.00722
40.1929   0.00565
40.4394   0.00456
40.6859   0.00378
40.9325   0.00321
41.179   0.00279
41.4255   0.00248
41.672   0.00228
41.9185   0.00217
42.165   0.0022
42.4116   0.00242
42.6581   0.00279
42.9046   0.00281
43.1511   0.00227
43.3976   0.00174
43.6442   0.0014
43.8907   0.00119
44.1372   0.00105
44.3837   0.00096
44.6302   0.00088
44.8767   0.00082
45.1233   0.00076
45.3698   0.00072
45.6163   0.00068
45.8628   0.00065
46.1093   0.00062
46.3558   0.0006
46.6024   0.00059
46.8489   0.00057
47.0954   0.00056
47.3419   0.00054
47.5884   0.00053
47.835   0.00053
48.0815   0.00052
48.328   0.00052
48.5745   0.00052
48.821   0.00053
49.0675   0.00053
49.3141   0.00055
49.5606   0.00056
49.8071   0.00059
50.0536   0.00062
50.3001   0.00067
50.5467   0.00074
50.7932   0.00083
51.0397   0.00096
51.2862   0.00117
51.5327   0.0015
51.7792   0.00207
52.0258   0.00305
52.2723   0.00445
52.5188   0.00513
52.7653   0.00415
53.0118   0.00301
53.2584   0.00239
53.5049   0.00221
53.7514   0.00236
53.9979   0.00289
54.2444   0.00398
54.4909   0.00576
54.7375   0.00713
54.984   0.00627
55.2305   0.00475
55.477   0.00398
55.7235   0.00402
55.9701   0.0049
56.2166   0.00676
56.4631   0.00867
56.7096   0.00842
56.9561   0.00724
57.2026   0.00614
57.4492   0.00457
57.6957   0.00322
57.9422   0.00237
58.1887   0.00188
58.4352   0.00161
58.6818   0.00145
58.9283   0.00139
59.1748   0.00139
59.4213   0.00147
59.6678   0.00162
59.9143   0.00187
60.1609   0.00228
60.4074   0.00298
60.6539   0.00417
60.9004   0.00607
61.1469   0.00814
61.3935   0.00909
61.64   0.00989
61.8865   0.0115
62.133   0.01156
62.3795   0.00989
62.626   0.00952
62.8726   0.01046
63.1191   0.01003
63.3656   0.00815
63.6121   0.00612
63.8586   0.00427
64.1051   0.00304
64.3517   0.00229
64.5982   0.00184
64.8447   0.00157
65.0912   0.00142
65.3377   0.00134
65.5843   0.00134
65.8308   0.00142
66.0773   0.00162
66.3238   0.00203
66.5703   0.00276
66.8169   0.00367
67.0634   0.00388
67.3099   0.00338
67.5564   0.00322
67.8029   0.00375
68.0494   0.00487
68.296   0.0054
68.5425   0.00443
68.789   0.00338
69.0355   0.00292
69.282   0.003
69.5285   0.00366
69.7751   0.00507
70.0216   0.00692
70.2681   0.00705
70.5146   0.0052
70.7611   0.00365
71.0077   0.00291
71.2542   0.00277
71.5007   0.00315
71.7472   0.00398
71.9937   0.00454
72.2403   0.00376
72.4868   0.00263
72.7333   0.00186
72.9798   0.00136
73.2263   0.00105
73.4728   0.00085
73.7194   0.00072
73.9659   0.00064
74.2124   0.0006
74.4589   0.00058
74.7054   0.00059
74.9519   0.0006
75.1985   0.00058
75.445   0.00055
75.6915   0.00054
75.938   0.00055
76.1845   0.0006
76.4311   0.00067
76.6776   0.00076
76.9241   0.00087
77.1706   0.00102
77.4171   0.00127
77.6637   0.00168
77.9102   0.00238
78.1567   0.00364
78.4032   0.00573
78.6497   0.00774
78.8962   0.00702
79.1428   0.00471
79.3893   0.00302
79.6358   0.00208
79.8823   0.00156
80.1288   0.0013
80.3753   0.00118
80.6219   0.00118
80.8684   0.00127
81.1149   0.00155
81.3614   0.00207
81.6079   0.00295
81.8545   0.00396
82.101   0.0039
82.3475   0.00278
82.594   0.00183
82.8405   0.00125
83.0871   0.00092
83.3336   0.00075
83.5801   0.00066
83.8266   0.00058
84.0731   0.0005
84.3196   0.00044
84.5662   0.00041
84.8127   0.00038
85.0592   0.00034
85.3057   0.00032
85.5522   0.00031
85.7987   0.00031
86.0453   0.00031
86.2918   0.00028
86.5383   0.00026
86.7848   0.00026
87.0313   0.00028
87.2779   0.00031
87.5244   0.00032
87.7709   0.00031
88.0174   0.00028
88.2639   0.00028
88.5105   0.00029
88.757   0.00028
89.0035   0.00025
89.25   0.00023
