0.75   5e-05
0.99652   5e-05
1.24304   5e-05
1.48955   5e-05
1.73607   5e-05
1.98259   5e-05
2.22911   5e-05
2.47563   5e-05
2.72214   5e-05
2.96866   5e-05
3.21518   5e-05
3.4617   5e-05
3.70822   5e-05
3.95474   5e-05
4.20125   5e-05
4.44777   5e-05
4.69429   5e-05
4.94081   5e-05
5.18733   6e-05
5.43384   6e-05
5.68036   6e-05
5.92688   6e-05
6.1734   6e-05
6.41992   6e-05
6.66643   6e-05
6.91295   6e-05
7.15947   6e-05
7.40599   6e-05
7.65251   6e-05
7.89903   6e-05
8.14554   6e-05
8.39206   6e-05
8.63858   7e-05
8.8851   7e-05
9.13162   7e-05
9.37813   7e-05
9.62465   7e-05
9.87117   7e-05
10.1177   7e-05
10.3642   7e-05
10.6107   7e-05
10.8572   7e-05
11.1038   7e-05
11.3503   7e-05
11.5968   8e-05
11.8433   8e-05
12.0898   8e-05
12.3363   8e-05
12.5829   8e-05
12.8294   8e-05
13.0759   8e-05
13.3224   8e-05
13.5689   8e-05
13.8155   9e-05
14.062   9e-05
14.3085   9e-05
14.555   9e-05
14.8015   9e-05
15.048   9e-05
15.2946   9e-05
15.5411   0.0001
15.7876   0.0001
16.0341   0.0001
16.2806   0.0001
16.5272   0.0001
16.7737   0.0001
17.0202   0.0001
17.2667   0.00011
17.5132   0.00011
17.7598   0.00011
18.0063   0.00011
18.2528   0.00011
18.4993   0.00012
18.7458   0.00012
18.9923   0.00012
19.2389   0.00012
19.4854   0.00012
19.7319   0.00013
19.9784   0.00013
20.2249   0.00013
20.4715   0.00013
20.718   0.00014
20.9645   0.00014
21.211   0.00014
21.4575   0.00014
21.704   0.00015
21.9506   0.00015
22.1971   0.00015
22.4436   0.00016
22.6901   0.00016
22.9366   0.00016
23.1832   0.00017
23.4297   0.00017
23.6762   0.00017
23.9227   0.00018
24.1692   0.00018
24.4157   0.00019
24.6623   0.00019
24.9088   0.00019
25.1553   0.0002
25.4018   0.0002
25.6483   0.00021
25.8949   0.00021
26.1414   0.00022
26.3879   0.00023
26.6344   0.00023
26.8809   0.00024
27.1274   0.00024
27.374   0.00025
27.6205   0.00026
27.867   0.00027
28.1135   0.00028
28.36   0.00028
28.6065   0.00029
28.8531   0.0003
29.0996   0.00031
29.3461   0.00032
29.5926   0.00034
29.8391   0.00035
30.0857   0.00036
30.3322   0.00038
30.5787   0.00039
30.8252   0.00041
31.0717   0.00043
31.3182   0.00045
31.5648   0.00047
31.8113   0.00049
32.0578   0.00052
32.3043   0.00055
32.5508   0.00058
32.7974   0.00062
33.0439   0.00066
33.2904   0.00071
33.5369   0.00076
33.7834   0.00083
34.0299   0.0009
34.2765   0.00099
34.523   0.00111
34.7695   0.00125
35.016   0.00142
35.2625   0.00166
35.5091   0.00197
35.7556   0.00241
36.0021   0.00305
36.2486   0.00404
36.4951   0.00566
36.7416   0.00845
36.9882   0.01335
37.2347   0.02046
37.4812   0.02385
37.7277   0.01837
37.9742   0.01177
38.2208   0.00768
38.4673   0.0054
38.7138   0.0041
38.9603   0.00332
39.2068   0.00284
39.4533   0.00254
39.6999   0.00236
39.9464   0.00226
40.1929   0.00222
40.4394   0.00223
40.6859   0.00228
40.9325   0.00238
41.179   0.00253
41.4255   0.00273
41.672   0.00299
41.9185   0.00334
42.165   0.00381
42.4116   0.00446
42.6581   0.00539
42.9046   0.00677
43.1511   0.00895
43.3976   0.01262
43.6442   0.01888
43.8907   0.02744
44.1372   0.03079
44.3837   0.02493
44.6302   0.01916
44.8767   0.01686
45.1233   0.01753
45.3698   0.02118
45.6163   0.02905
45.8628   0.04316
46.1093   0.05988
46.3558   0.0612
46.6024   0.04855
46.8489   0.03824
47.0954   0.03523
47.3419   0.0395
47.5884   0.04533
47.835   0.04198
48.0815   0.03503
48.328   0.03059
48.5745   0.02796
48.821   0.02854
49.0675   0.0334
49.3141   0.04418
49.5606   0.06473
49.8071   0.10096
50.0536   0.14636
50.3001   0.15098
50.5467   0.10847
50.7932   0.07211
51.0397   0.05376
51.2862   0.04878
51.5327   0.05142
51.7792   0.04829
52.0258   0.03537
52.2723   0.02416
52.5188   0.0173
52.7653   0.01324
53.0118   0.01063
53.2584   0.00869
53.5049   0.00727
53.7514   0.00626
53.9979   0.00556
54.2444   0.00508
54.4909   0.00481
54.7375   0.00473
54.984   0.0049
55.2305   0.00526
55.477   0.00575
55.7235   0.00678
55.9701   0.00867
56.2166   0.01017
56.4631   0.00925
56.7096   0.00778
56.9561   0.00741
57.2026   0.0084
57.4492   0.0111
57.6957   0.01605
57.9422   0.02123
58.1887   0.01976
58.4352   0.0136
58.6818   0.00892
58.9283   0.00626
59.1748   0.00482
59.4213   0.00406
59.6678   0.00351
59.9143   0.00296
60.1609   0.00254
60.4074   0.00229
60.6539   0.00219
60.9004   0.00223
61.1469   0.00246
61.3935   0.00296
61.64   0.00358
61.8865   0.00359
62.133   0.00301
62.3795   0.0025
62.626   0.00229
62.8726   0.00235
63.1191   0.00256
63.3656   0.00272
63.6121   0.00305
63.8586   0.00362
64.1051   0.00382
64.3517   0.00347
64.5982   0.0031
64.8447   0.00308
65.0912   0.00359
65.3377   0.00458
65.5843   0.00529
65.8308   0.00483
66.0773   0.00414
66.3238   0.00384
66.5703   0.00363
66.8169   0.00354
67.0634   0.00383
67.3099   0.00445
67.5564   0.00538
67.8029   0.00637
68.0494   0.00621
68.296   0.00529
68.5425   0.00466
68.789   0.00439
69.0355   0.00446
69.282   0.00502
69.5285   0.00602
69.7751   0.00762
70.0216   0.01055
70.2681   0.01537
70.5146   0.02193
70.7611   0.02749
71.0077   0.02435
71.2542   0.01662
71.5007   0.01132
71.7472   0.00861
71.9937   0.00709
72.2403   0.00616
72.4868   0.00579
72.7333   0.00566
72.9798   0.00561
73.2263   0.00599
73.4728   0.00721
73.7194   0.00965
73.9659   0.01395
74.2124   0.01877
74.4589   0.01828
74.7054   0.0134
74.9519   0.00982
75.1985   0.00845
75.445   0.0087
75.6915   0.00983
75.938   0.00983
76.1845   0.00842
76.4311   0.00729
76.6776   0.00648
76.9241   0.00541
77.1706   0.00469
77.4171   0.00451
77.6637   0.00431
77.9102   0.0041
78.1567   0.00419
78.4032   0.00452
78.6497   0.00531
78.8962   0.00693
79.1428   0.00866
79.3893   0.0084
79.6358   0.00674
79.8823   0.00576
80.1288   0.00518
80.3753   0.00438
80.6219   0.00391
80.8684   0.00411
81.1149   0.00486
81.3614   0.00526
81.6079   0.00458
81.8545   0.00366
82.101   0.00317
82.3475   0.00308
82.594   0.003
82.8405   0.00272
83.0871   0.00232
83.3336   0.00194
83.5801   0.00169
83.8266   0.00161
84.0731   0.00171
84.3196   0.00201
84.5662   0.00256
84.8127   0.00333
85.0592   0.00397
85.3057   0.00374
85.5522   0.00331
85.7987   0.00347
86.0453   0.0044
86.2918   0.00601
86.5383   0.00687
86.7848   0.00559
87.0313   0.00388
87.2779   0.00282
87.5244   0.0023
87.7709   0.00208
88.0174   0.00205
88.2639   0.00213
88.5105   0.00236
88.757   0.00263
89.0035   0.00297
89.25   0.00344
