 10.0 0.00000000
 11.0 0.00545455
 12.0 0.00818182
 13.0 0.00000000
 14.0 0.00163636
 15.0 0.00363636
 16.0 0.00318182
 17.0 0.03272727
 18.0 0.00090909
 19.0 0.00345455
 20.0 0.01818182
 21.0 0.04000000
 22.0 0.00000000
 23.0 0.01236364
 24.0 0.00709091
 25.0 0.00581818
 26.0 0.03218182
 27.0 0.02636364
 28.0 0.05181818
 29.0 0.05545455
 30.0 0.04090909
 31.0 0.03272727
 32.0 0.04636364
 33.0 0.04909091
 34.0 0.06363636
 35.0 0.06545455
 36.0 0.06636364
 37.0 0.09090909
 38.0 0.07272727
 39.0 0.08000000
