 10.0 0.00000000
 11.0 0.00000000
 12.0 1.20454545
 13.0 0.03181818
 14.0 0.00909091
 15.0 0.00909091
 16.0 0.00909091
 17.0 0.00000000
 18.0 2.34090909
 19.0 0.05454545
 20.0 0.02272727
 21.0 0.11363636
 22.0 0.28181818
 23.0 0.03181818
 24.0 0.04545455
 25.0 0.04090909
 26.0 0.00000000
 27.0 0.00000000
 28.0 0.00000000
 29.0 0.00909091
 30.0 0.00909091
 31.0 0.01363636
 32.0 0.00000000
 33.0 0.00909091
 34.0 0.00000000
 35.0 0.00000000
 36.0 0.00454545
 37.0 0.00000000
 38.0 0.00454545
 39.0 0.00000000
