 10.0 0.00227273
 11.0 0.00681818
 12.0 0.00000000
 13.0 0.00204545
 14.0 0.00000000
 15.0 0.00000000
 16.0 0.00000000
 17.0 0.11136364
 18.0 0.00000000
 19.0 0.02000000
 20.0 0.00863636
 21.0 0.00000000
 22.0 0.01590909
 23.0 0.00000000
 24.0 0.01818182
 25.0 0.00431818
 26.0 0.00500000
 27.0 0.00022727
 28.0 0.01136364
 29.0 0.00000000
 30.0 0.00000000
 31.0 0.00000000
 32.0 0.01250000
 33.0 0.00340909
 34.0 0.00681818
 35.0 0.00909091
 36.0 0.00000000
 37.0 0.00000000
 38.0 0.00000000
 39.0 0.00000000
