  0.6000000e-01  0.3738730e-03
  0.1200000e+00  0.2602686e-02
  0.1800000e+00  0.1070842e-01
  0.2400000e+00  0.3229693e-01
  0.3000000e+00  0.7603031e-01
  0.3600000e+00  0.1470774e+00
  0.4200000e+00  0.2440852e+00
  0.4800000e+00  0.3597451e+00
  0.5400000e+00  0.4840624e+00
  0.6000000e+00  0.6072366e+00
  0.6600000e+00  0.7212102e+00
  0.7200000e+00  0.8216862e+00
  0.7800000e+00  0.9057880e+00
  0.8400000e+00  0.9741690e+00
  0.9000000e+00  0.1026847e+01
  0.9600000e+00  0.1066518e+01
  0.1020000e+01  0.1095246e+01
  0.1080000e+01  0.1114288e+01
  0.1140000e+01  0.1125706e+01
  0.1200000e+01  0.1131326e+01
  0.1260000e+01  0.1133249e+01
  0.1320000e+01  0.1132055e+01
  0.1380000e+01  0.1128537e+01
  0.1440000e+01  0.1122881e+01
  0.1500000e+01  0.1115378e+01
  0.1560000e+01  0.1106400e+01
  0.1620000e+01  0.1096370e+01
  0.1680000e+01  0.1085729e+01
  0.1740000e+01  0.1074902e+01
  0.1800000e+01  0.1064275e+01
  0.1860000e+01  0.1054172e+01
  0.1920000e+01  0.1044842e+01
  0.1980000e+01  0.1036457e+01
  0.2040000e+01  0.1029111e+01
  0.2100000e+01  0.1022831e+01
  0.2160000e+01  0.1017586e+01
  0.2220000e+01  0.1013304e+01
  0.2280000e+01  0.1009885e+01
  0.2340000e+01  0.1007214e+01
  0.2400000e+01  0.1005171e+01
  0.2460000e+01  0.1003640e+01
  0.2520000e+01  0.1002517e+01
  0.2580000e+01  0.1001709e+01
  0.2640000e+01  0.1001140e+01
  0.2700000e+01  0.1000747e+01
  0.2760000e+01  0.1000480e+01
  0.2820000e+01  0.1000304e+01
  0.2880000e+01  0.1000188e+01
  0.2940000e+01  0.1000115e+01
  0.3000000e+01  0.1000069e+01
  0.3060000e+01  0.1000040e+01
  0.3120000e+01  0.1000023e+01
  0.3180000e+01  0.1000013e+01
  0.3240000e+01  0.1000007e+01
  0.3300000e+01  0.1000004e+01
  0.3360000e+01  0.1000002e+01
  0.3420000e+01  0.1000001e+01
  0.3480000e+01  0.1000001e+01
  0.3540000e+01  0.1000000e+01
  0.3600000e+01  0.1000000e+01
  0.3660000e+01  0.1000000e+01
  0.3720000e+01  0.1000000e+01
  0.3780000e+01  0.1000000e+01
  0.3840000e+01  0.1000000e+01
  0.3900000e+01  0.1000000e+01
  0.3960000e+01  0.1000000e+01
  0.4020000e+01  0.1000000e+01
  0.4080000e+01  0.1000000e+01
  0.4140000e+01  0.1000000e+01
  0.4200000e+01  0.1000000e+01
  0.4260000e+01  0.1000000e+01
  0.4320000e+01  0.1000000e+01
  0.4380000e+01  0.1000000e+01
  0.4440000e+01  0.1000000e+01
  0.4500000e+01  0.1000000e+01
  0.4560000e+01  0.1000000e+01
  0.4620000e+01  0.1000000e+01
  0.4680000e+01  0.1000000e+01
  0.4740000e+01  0.1000000e+01
  0.4800000e+01  0.1000000e+01
  0.4860000e+01  0.1000000e+01
  0.4920000e+01  0.1000000e+01
  0.4980000e+01  0.1000000e+01
  0.5040000e+01  0.1000000e+01
  0.5100000e+01  0.1000000e+01
  0.5160000e+01  0.1000000e+01
  0.5220000e+01  0.1000000e+01
  0.5280000e+01  0.1000000e+01
  0.5340000e+01  0.1000000e+01
  0.5400000e+01  0.1000000e+01
  0.5460000e+01  0.1000000e+01
  0.5520000e+01  0.1000000e+01
  0.5580000e+01  0.1000000e+01
  0.5640000e+01  0.1000000e+01
  0.5700000e+01  0.1000000e+01
  0.5760000e+01  0.1000000e+01
  0.5820000e+01  0.1000000e+01
  0.5880000e+01  0.1000000e+01
  0.5940000e+01  0.1000000e+01
  0.6040000e+01  0.1000000e+01
  0.6100000e+01  0.1000000e+01
  0.6160000e+01  0.1000000e+01
  0.6220000e+01  0.1000000e+01
  0.6280000e+01  0.1000000e+01
  0.6340000e+01  0.1000000e+01
  0.6400000e+01  0.1000000e+01
  0.6460000e+01  0.1000000e+01
  0.6520000e+01  0.1000000e+01
  0.6580000e+01  0.1000000e+01
  0.6640000e+01  0.1000000e+01
  0.6700000e+01  0.1000000e+01
  0.6760000e+01  0.1000000e+01
  0.6820000e+01  0.1000000e+01
  0.6880000e+01  0.1000000e+01
  0.6940000e+01  0.1000000e+01
  0.7040000e+01  0.1000000e+01
  0.7100000e+01  0.1000000e+01
  0.7160000e+01  0.1000000e+01
  0.7220000e+01  0.1000000e+01
  0.7280000e+01  0.1000000e+01
  0.7340000e+01  0.1000000e+01
  0.7400000e+01  0.1000000e+01
  0.7460000e+01  0.1000000e+01
  0.7520000e+01  0.1000000e+01
  0.7580000e+01  0.1000000e+01
  0.7640000e+01  0.1000000e+01
  0.7700000e+01  0.1000000e+01
  0.7760000e+01  0.1000000e+01
  0.7820000e+01  0.1000000e+01
  0.7880000e+01  0.1000000e+01
  0.7940000e+01  0.1000000e+01
  0.8040000e+01  0.1000000e+01
  0.8100000e+01  0.1000000e+01
  0.8160000e+01  0.1000000e+01
  0.8220000e+01  0.1000000e+01
  0.8280000e+01  0.1000000e+01
  0.8340000e+01  0.1000000e+01
  0.8400000e+01  0.1000000e+01
  0.8460000e+01  0.1000000e+01
  0.8520000e+01  0.1000000e+01
  0.8580000e+01  0.1000000e+01
  0.8640000e+01  0.1000000e+01
  0.8700000e+01  0.1000000e+01
  0.8760000e+01  0.1000000e+01
  0.8820000e+01  0.1000000e+01
  0.8880000e+01  0.1000000e+01
  0.8940000e+01  0.1000000e+01
  0.9040000e+01  0.1000000e+01
  0.9100000e+01  0.1000000e+01
  0.9160000e+01  0.1000000e+01
  0.9220000e+01  0.1000000e+01
  0.9280000e+01  0.1000000e+01
  0.9340000e+01  0.1000000e+01
  0.9400000e+01  0.1000000e+01
  0.9460000e+01  0.1000000e+01
  0.9520000e+01  0.1000000e+01
  0.9580000e+01  0.1000000e+01
  0.9640000e+01  0.1000000e+01
  0.9700000e+01  0.1000000e+01
  0.9760000e+01  0.1000000e+01
  0.9820000e+01  0.1000000e+01
  0.9880000e+01  0.1000000e+01
  0.9940000e+01  0.1000000e+01
